############################################################
--------------------------Figure 5--------------------------
############################################################


DATA SET #1: Sidechain correlation to 276W for apo GHSR
Detector responses for 276
          0        1        2        3        4        5        6        
      276 0.020676 0.015194 0.030676 0.052934 0.111606 0.081239 0.001282

Cross-correlation coefficients to 276
          0        1        2        3        4        5        6        
       38 0.021274 0.039702 0.016916 0.015741 0.007171 0.017442 0.183482
       54 0.044899 0.067740 0.092990 0.059132 0.053553 0.015265 0.219995
       71 0.013140 0.011611 0.005518 0.036783 0.049909 0.071940 0.240211
       81 0.023048 0.071477 0.016074 0.087303 0.136165 0.148586 0.046833
       87 0.011968 0.018901 0.028081 0.035030 0.086625 0.112153 0.523431
       93 0.034193 0.068929 0.099636 0.089785 0.062758 0.045121 0.122660
      104 0.007366 0.039916 0.017434 0.060586 0.093455 0.249191 0.524132
      106 0.039063 0.097255 0.139606 0.056460 0.067215 0.164215 0.411803
      109 0.034410 0.073719 0.116762 0.091286 0.045421 0.093875 0.647248
      111 0.010673 0.014642 0.043994 0.030055 0.027920 0.033880 0.553191
      119 0.027535 0.052969 0.084738 0.078499 0.094035 0.113173 0.240007
      121 0.004116 0.022864 0.015558 0.013927 0.033797 0.076830 0.224837
      128 0.015788 0.013058 0.010264 0.029699 0.075400 0.186306 0.546125
      142 0.034723 0.047177 0.041175 0.083857 0.174266 0.264804 0.406587
      143 0.022673 0.017987 0.078413 0.034789 0.019012 0.107028 0.507183
      147 0.011297 0.001795 0.039040 0.052163 0.037558 0.061661 0.334828
      165 0.051790 0.026978 0.080549 0.093814 0.008364 0.017183 0.064286
      168 0.003312 0.019624 0.004669 0.011596 0.057928 0.134112 0.346188
      172 0.017124 0.030989 0.015179 0.040255 0.115847 0.240595 0.550104
      179 0.047649 0.034350 0.055222 0.067167 0.144712 0.240058 0.652196
      186 0.049022 0.082896 0.146112 0.088845 0.008881 0.113938 0.377179
      193 0.004937 0.006316 0.009922 0.021126 0.044783 0.078022 0.117824
      203 0.079843 0.060967 0.110006 0.048166 0.008590 0.102235 0.460488
      215 0.003693 0.052531 0.034385 0.051318 0.031741 0.124054 0.450413
      220 0.005821 0.044736 0.004114 0.042054 0.072118 0.237907 0.579771
      221 0.035623 0.058515 0.002345 0.075053 0.209797 0.343789 0.526888
      222 0.024407 0.052117 0.011995 0.043634 0.096969 0.188263 0.463001
      226 0.017067 0.002475 0.010544 0.002845 0.013562 0.192012 0.633049
      232 0.007698 0.014307 0.005609 0.090220 0.193399 0.324185 0.441815
      240 0.005828 0.029317 0.038648 0.044141 0.038379 0.039158 0.134996
      258 0.041740 0.062428 0.051927 0.062654 0.063377 0.047364 0.218856
      270 0.000805 0.030461 0.046198 0.087312 0.120571 0.230884 0.469987
      272 0.016493 0.012187 0.021454 0.010416 0.007486 0.057048 0.274052
      276 1.000000 1.000000 1.000000 1.000000 1.000000 1.000000 1.000000
      279 0.020586 0.072576 0.112999 0.167805 0.198924 0.298455 0.583948
      280 0.034348 0.054078 0.032871 0.040099 0.012242 0.013302 0.009316
      284 0.058240 0.108736 0.109623 0.214613 0.366382 0.553956 0.827977
      286 0.008221 0.036442 0.020582 0.074490 0.116630 0.253949 0.564702
      290 0.005441 0.001812 0.005395 0.000856 0.050966 0.172757 0.382002
      303 0.047063 0.081158 0.094212 0.143628 0.189829 0.217433 0.115993
      309 0.023984 0.030926 0.019843 0.040825 0.079529 0.156081 0.302058
      312 0.000327 0.011701 0.004808 0.032117 0.109264 0.275953 0.501462
      313 0.088773 0.101390 0.107401 0.067760 0.014308 0.225326 0.638380
      323 0.046422 0.084252 0.063507 0.102987 0.169113 0.172192 0.079100
      330 0.081181 0.115707 0.112096 0.099608 0.059523 0.072992 0.383243
      335 0.059537 0.063871 0.057195 0.108898 0.144137 0.168003 0.105148
    40 BB 0.039475 0.067328 0.050781 0.075473 0.131520 0.204411 0.231667
    43 BB 0.025935 0.027457 0.057511 0.056626 0.101337 0.157442 0.395409
    46 BB 0.000393 0.029927 0.012335 0.007774 0.007976 0.003801 0.123095
    49 BB 0.018899 0.060789 0.048516 0.064561 0.065252 0.114341 0.307704
    52 BB 0.003197 0.008878 0.035833 0.024472 0.030128 0.007291 0.205931
    55 BB 0.049899 0.096098 0.073381 0.095739 0.171984 0.162196 0.021387
    58 BB 0.058346 0.109650 0.145440 0.156766 0.182393 0.197879 0.325952
    61 BB 0.013402 0.005185 0.062927 0.037559 0.041470 0.055258 0.203981
    64 BB 0.030811 0.045200 0.039047 0.020372 0.007936 0.112288 0.362159
    67 BB 0.019867 0.009378 0.024712 0.025213 0.045192 0.117795 0.184028
    70 BB 0.031285 0.034208 0.055684 0.098764 0.119136 0.134393 0.136252
    80 BB 0.021166 0.019326 0.073491 0.042413 0.051387 0.069706 0.248579
    83 BB 0.057464 0.083106 0.114349 0.148615 0.211151 0.258890 0.485006
    86 BB 0.047230 0.102871 0.083985 0.134916 0.166493 0.179505 0.237657
    89 BB 0.000115 0.033140 0.016928 0.013306 0.044109 0.059303 0.122622
    92 BB 0.024228 0.019397 0.059850 0.066843 0.080956 0.091909 0.130668
    95 BB 0.021848 0.028120 0.023397 0.057383 0.111434 0.137359 0.130908
    98 BB 0.019021 0.036189 0.012341 0.047295 0.080224 0.097761 0.157283
   101 BB 0.006805 0.002473 0.005763 0.061282 0.148731 0.241324 0.478058
   104 BB 0.032562 0.056005 0.106943 0.148494 0.232426 0.302149 0.502093
   114 BB 0.016875 0.046736 0.041999 0.025921 0.026645 0.148599 0.484024
   117 BB 0.029826 0.086284 0.050784 0.061055 0.080337 0.076185 0.006827
   120 BB 0.045296 0.098223 0.093202 0.110965 0.151239 0.225995 0.403832
   123 BB 0.032232 0.041010 0.081453 0.096266 0.127832 0.195528 0.385340
   126 BB 0.008717 0.009707 0.056015 0.038241 0.024514 0.012116 0.139907
   129 BB 0.015141 0.000981 0.010916 0.050915 0.106318 0.198272 0.347643
   132 BB 0.008315 0.020246 0.033600 0.023095 0.062943 0.121206 0.279845
   135 BB 0.037308 0.086712 0.036783 0.135023 0.249054 0.352458 0.445019
   138 BB 0.065641 0.104088 0.120771 0.195975 0.345557 0.489989 0.759778
   141 BB 0.032096 0.019155 0.063695 0.046984 0.109658 0.124079 0.274875
   144 BB 0.008301 0.036531 0.006446 0.056497 0.128026 0.217868 0.218219
   158 BB 0.000547 0.035562 0.055689 0.002673 0.068916 0.111636 0.344301
   161 BB 0.031548 0.065631 0.067681 0.128488 0.195558 0.262160 0.427367
   164 BB 0.020493 0.065628 0.028376 0.085587 0.126140 0.128428 0.065869
   167 BB 0.020818 0.003471 0.058878 0.060821 0.096599 0.184221 0.392935
   170 BB 0.040620 0.042780 0.062849 0.114794 0.230052 0.377167 0.630505
   173 BB 0.028523 0.049484 0.022702 0.064627 0.164220 0.270256 0.414054
   176 BB 0.017354 0.028906 0.071988 0.074793 0.098906 0.138269 0.383982
   179 BB 0.045426 0.077356 0.100121 0.115037 0.167058 0.234217 0.356486
   182 BB 0.032993 0.070970 0.058618 0.059572 0.083001 0.100748 0.141884
   211 BB 0.046517 0.095354 0.067465 0.103241 0.199010 0.381706 0.684418
   214 BB 0.044641 0.095270 0.038542 0.085346 0.173964 0.279663 0.468793
   217 BB 0.017502 0.034213 0.000836 0.005076 0.020205 0.092594 0.097210
   220 BB 0.009336 0.045072 0.011866 0.105355 0.229250 0.492887 0.862584
   223 BB 0.005149 0.037551 0.010216 0.063394 0.149566 0.406972 0.737723
   226 BB 0.022829 0.007671 0.008971 0.089646 0.199327 0.286483 0.377502
   229 BB 0.048300 0.067046 0.060020 0.124482 0.243374 0.427067 0.740141
   232 BB 0.025147 0.033429 0.043008 0.023631 0.035417 0.097143 0.282137
   235 BB 0.001901 0.000046 0.005256 0.071553 0.107648 0.195903 0.362793
   238 BB 0.030671 0.024213 0.007946 0.014735 0.130816 0.168038 0.082833
   254 BB 0.015678 0.036850 0.007076 0.014461 0.041826 0.118683 0.447054
   257 BB 0.039921 0.066322 0.047390 0.051970 0.244967 0.481518 0.759723
   260 BB 0.017772 0.022621 0.058690 0.039105 0.182330 0.286883 0.269075
   263 BB 0.023777 0.033756 0.031449 0.011855 0.003388 0.078533 0.328484
   266 BB 0.029086 0.024773 0.019307 0.090401 0.237682 0.470914 0.763402
   269 BB 0.004281 0.005714 0.014683 0.069593 0.212354 0.387851 0.565520
   272 BB 0.012012 0.051737 0.102068 0.087325 0.045956 0.045209 0.212176
   275 BB 0.063503 0.120132 0.154739 0.239555 0.357863 0.524113 0.798656
   278 BB 0.001081 0.029953 0.022152 0.018600 0.041421 0.127125 0.526682
   281 BB 0.020855 0.084706 0.079935 0.163332 0.333732 0.513947 0.830791
   284 BB 0.004812 0.037947 0.035423 0.122911 0.291534 0.472191 0.832168
   287 BB 0.017332 0.044048 0.058226 0.021363 0.000765 0.017617 0.133386
   290 BB 0.035707 0.065919 0.051112 0.009626 0.092240 0.290316 0.536657
   299 BB 0.050734 0.076652 0.115706 0.085924 0.018667 0.083065 0.139521
   302 BB 0.066426 0.082819 0.121467 0.022939 0.112541 0.385012 0.801854
   305 BB 0.055719 0.053763 0.070975 0.007229 0.113592 0.396397 0.793204
   308 BB 0.010871 0.004455 0.013182 0.000663 0.009724 0.100881 0.396856
   311 BB 0.026469 0.045238 0.075783 0.026691 0.119597 0.267326 0.427944
   314 BB 0.021240 0.011533 0.040395 0.024646 0.000805 0.090356 0.330986
   317 BB 0.034214 0.073651 0.075740 0.029617 0.058170 0.199131 0.444175
   320 BB 0.023920 0.011944 0.037267 0.024676 0.002679 0.046608 0.179093
   323 BB 0.037348 0.054004 0.075076 0.074762 0.149165 0.139630 0.126948
   326 BB 0.018813 0.024335 0.007286 0.023362 0.040114 0.085871 0.165563
   329 BB 0.047605 0.007222 0.020288 0.005445 0.093718 0.041324 0.045221
   332 BB 0.042751 0.040250 0.067398 0.103221 0.178453 0.239406 0.396857
   335 BB 0.025276 0.020702 0.012907 0.057365 0.098934 0.124814 0.113767
   338 BB 0.001760 0.007682 0.010466 0.002911 0.012850 0.027930 0.284845

DATA SET #2: Sidechain correlation to 276W for ghrelin-bound GHSR
Detector responses for 276
          0        1        2        3        4        5        6        
      276 0.026395 0.012563 0.042744 0.081187 0.369343 0.342348 0.002930

Cross-correlation coefficients to 276
          0        1        2        3        4        5        6        
        4 0.114607 0.171458 0.215982 0.282284 0.176423 0.009561 0.417766
        9 0.034700 0.108351 0.146393 0.081078 0.036244 0.277796 0.171285
       38 0.048688 0.103523 0.138195 0.144838 0.071857 0.081873 0.313411
       54 0.049607 0.070791 0.124969 0.032845 0.011920 0.106662 0.009612
       71 0.102182 0.072013 0.299736 0.222593 0.199920 0.154527 0.106760
       81 0.023107 0.033595 0.103275 0.219718 0.130737 0.115288 0.247213
       87 0.029078 0.042910 0.067988 0.056392 0.054620 0.031135 0.099334
       93 0.045689 0.024761 0.053001 0.148205 0.121021 0.181132 0.097025
      104 0.028530 0.005093 0.128733 0.032900 0.007888 0.031259 0.098971
      106 0.000641 0.011913 0.047595 0.073301 0.055865 0.035377 0.104993
      109 0.102257 0.170719 0.313013 0.271704 0.206058 0.055090 0.383327
      111 0.000383 0.009754 0.133657 0.093353 0.037623 0.080545 0.119179
      119 0.088455 0.152291 0.255551 0.275269 0.158034 0.060065 0.352376
      121 0.025050 0.039853 0.051362 0.118629 0.072705 0.065930 0.113193
      128 0.004864 0.023878 0.006787 0.024190 0.044922 0.007707 0.100553
      142 0.010454 0.072716 0.007238 0.052876 0.007882 0.083867 0.127051
      143 0.003569 0.020849 0.001490 0.008858 0.039994 0.077093 0.003837
      147 0.060465 0.087619 0.051720 0.031835 0.043403 0.176773 0.324693
      165 0.004203 0.116913 0.062722 0.006510 0.028447 0.189203 0.008664
      168 0.008579 0.012339 0.054828 0.027229 0.027262 0.032501 0.060708
      172 0.015301 0.002872 0.050341 0.044283 0.089131 0.108450 0.070739
      179 0.017668 0.006906 0.017344 0.035909 0.107021 0.104711 0.108441
      186 0.015071 0.068101 0.135732 0.066226 0.002672 0.097872 0.049880
      193 0.035319 0.270896 0.004560 0.044907 0.150321 0.288290 0.173357
      203 0.052570 0.011508 0.075008 0.155523 0.302576 0.385471 0.276475
      215 0.025774 0.072904 0.070024 0.209200 0.124070 0.236689 0.543824
      220 0.075099 0.070478 0.079881 0.198786 0.268260 0.346741 0.209428
      221 0.033902 0.047861 0.070030 0.069117 0.107897 0.072133 0.112038
      222 0.005658 0.011841 0.064043 0.057898 0.079094 0.058118 0.189160
      226 0.003395 0.043092 0.027386 0.007059 0.045303 0.042912 0.091794
      232 0.006288 0.007124 0.058844 0.026067 0.001629 0.043437 0.047989
      240 0.010864 0.017021 0.001415 0.099984 0.052760 0.064737 0.450550
      258 0.061483 0.124732 0.107120 0.150394 0.126879 0.053632 0.210732
      270 0.050797 0.044427 0.114722 0.213911 0.226774 0.276591 0.183768
      272 0.032293 0.002768 0.134032 0.087426 0.106837 0.134484 0.031212
      276 1.000000 1.000000 1.000000 1.000000 1.000000 1.000000 1.000000
      279 0.022464 0.077438 0.071708 0.096745 0.025112 0.063020 0.140448
      280 0.178853 0.183807 0.310219 0.349189 0.437454 0.434283 0.201400
      284 0.040657 0.084681 0.161144 0.153430 0.034598 0.051509 0.069319
      286 0.072752 0.085070 0.243253 0.200295 0.165300 0.118162 0.086285
      290 0.048922 0.003439 0.127378 0.122438 0.136376 0.151521 0.042725
      303 0.085418 0.114428 0.186824 0.321016 0.426425 0.462390 0.337024
      309 0.040417 0.022349 0.022090 0.076861 0.177824 0.238492 0.104212
      312 0.080323 0.068139 0.123603 0.191530 0.270410 0.269339 0.220666
      313 0.051991 0.041432 0.017327 0.086049 0.153967 0.192159 0.178591
      323 0.118946 0.112228 0.309846 0.166695 0.141437 0.113584 0.096589
      330 0.034610 0.088630 0.130371 0.059606 0.056513 0.028066 0.077206
      335 0.035123 0.024885 0.103988 0.048341 0.069397 0.054414 0.089914
    40 BB 0.020582 0.015142 0.034442 0.004640 0.021194 0.008706 0.038104
    43 BB 0.037298 0.062318 0.089766 0.049830 0.045162 0.010466 0.027752
    46 BB 0.010717 0.035427 0.067113 0.009646 0.007871 0.031810 0.080128
    49 BB 0.004268 0.004172 0.050180 0.001690 0.004402 0.023868 0.066783
    52 BB 0.003505 0.018938 0.032410 0.006188 0.001834 0.029259 0.041399
    55 BB 0.031273 0.053321 0.090050 0.051587 0.062222 0.016776 0.019238
    58 BB 0.028589 0.039815 0.054758 0.063927 0.037503 0.028057 0.019202
    61 BB 0.011122 0.004249 0.006991 0.059942 0.047009 0.123492 0.058997
    64 BB 0.004186 0.012216 0.054292 0.050666 0.003459 0.021589 0.007184
    67 BB 0.025086 0.015648 0.078035 0.074180 0.151753 0.142401 0.189154
    70 BB 0.110330 0.141610 0.337400 0.291384 0.237537 0.120911 0.362399
    80 BB 0.041529 0.108019 0.214203 0.234423 0.162972 0.059278 0.218520
    83 BB 0.017410 0.028950 0.006519 0.002426 0.002419 0.065196 0.073055
    86 BB 0.017518 0.060219 0.088706 0.010009 0.027270 0.104903 0.048611
    89 BB 0.006193 0.031304 0.082512 0.077924 0.084630 0.231498 0.091382
    92 BB 0.020802 0.028949 0.034058 0.079420 0.055127 0.067530 0.047734
    95 BB 0.005522 0.032666 0.026553 0.023214 0.069035 0.126111 0.045232
    98 BB 0.028532 0.021058 0.094593 0.081365 0.145184 0.183696 0.031438
   101 BB 0.011057 0.006530 0.079345 0.063758 0.021873 0.027780 0.000592
   104 BB 0.011916 0.022884 0.026751 0.045419 0.014003 0.029928 0.098833
   114 BB 0.005743 0.037769 0.109771 0.031727 0.049474 0.153794 0.057001
   117 BB 0.010907 0.002433 0.024393 0.021678 0.058492 0.094787 0.067579
   120 BB 0.023957 0.032190 0.069623 0.060704 0.063766 0.019691 0.069699
   123 BB 0.018862 0.036253 0.092002 0.036583 0.027110 0.037848 0.016645
   126 BB 0.018122 0.026981 0.027809 0.107119 0.123337 0.167848 0.065525
   129 BB 0.041760 0.084444 0.074305 0.153668 0.148387 0.158612 0.084760
   132 BB 0.010239 0.040718 0.063911 0.032167 0.051978 0.106152 0.075843
   135 BB 0.055771 0.106411 0.124021 0.249998 0.222822 0.198227 0.207013
   138 BB 0.037456 0.116718 0.091230 0.121867 0.070587 0.040882 0.154614
   141 BB 0.024392 0.022549 0.057047 0.082938 0.122135 0.196952 0.033759
   144 BB 0.031516 0.007498 0.035491 0.081506 0.125115 0.177835 0.059739
   158 BB 0.040357 0.028279 0.045995 0.113501 0.156558 0.218394 0.276571
   161 BB 0.032849 0.070007 0.132493 0.107279 0.072844 0.005848 0.089367
   164 BB 0.058972 0.107922 0.200964 0.219480 0.262035 0.193042 0.206787
   167 BB 0.018521 0.052056 0.064991 0.001842 0.015554 0.089043 0.023595
   170 BB 0.040698 0.086484 0.100864 0.108776 0.104989 0.040823 0.096914
   173 BB 0.017632 0.034366 0.024226 0.056403 0.058483 0.048065 0.062809
   176 BB 0.015029 0.018515 0.023578 0.024869 0.028863 0.001301 0.031965
   179 BB 0.042450 0.039425 0.075324 0.059331 0.085010 0.049820 0.110552
   182 BB 0.001061 0.009506 0.000439 0.043301 0.079304 0.148648 0.022657
   211 BB 0.068059 0.062631 0.112020 0.151796 0.237735 0.251639 0.244609
   214 BB 0.017549 0.012487 0.058927 0.124009 0.108913 0.183020 0.135823
   217 BB 0.098697 0.116313 0.211711 0.236107 0.213897 0.211666 0.391249
   220 BB 0.024679 0.030465 0.086985 0.060636 0.062062 0.021907 0.015879
   223 BB 0.034074 0.087947 0.146845 0.079303 0.077814 0.044625 0.079069
   226 BB 0.014264 0.055820 0.052763 0.049621 0.069629 0.084844 0.057979
   229 BB 0.051459 0.055779 0.117939 0.110786 0.157238 0.164132 0.127523
   232 BB 0.037514 0.032480 0.083890 0.123919 0.178197 0.214969 0.122590
   235 BB 0.021221 0.013695 0.028437 0.004416 0.010567 0.010986 0.042027
   238 BB 0.051802 0.039480 0.086635 0.087052 0.145528 0.219696 0.022871
   254 BB 0.032124 0.013951 0.059727 0.037216 0.095581 0.158181 0.029215
   257 BB 0.071240 0.102541 0.105223 0.132327 0.168623 0.163967 0.262074
   260 BB 0.022022 0.025517 0.001468 0.015074 0.046275 0.024441 0.047978
   263 BB 0.029325 0.017318 0.086133 0.114353 0.112797 0.176980 0.058749
   266 BB 0.042742 0.025331 0.070376 0.053715 0.114729 0.179280 0.042472
   269 BB 0.006085 0.032619 0.023819 0.080204 0.000607 0.030357 0.190384
   272 BB 0.038162 0.067157 0.098446 0.131670 0.058481 0.025529 0.169790
   275 BB 0.018010 0.024818 0.047783 0.060599 0.054157 0.040573 0.114305
   278 BB 0.053904 0.094743 0.144316 0.189142 0.224762 0.205167 0.237702
   281 BB 0.056028 0.093864 0.172460 0.201845 0.257997 0.215253 0.145208
   284 BB 0.006146 0.004846 0.043390 0.067729 0.047308 0.015939 0.037557
   287 BB 0.000061 0.003305 0.086629 0.063123 0.040666 0.111886 0.028468
   290 BB 0.018747 0.022652 0.079997 0.067987 0.018556 0.014634 0.039713
   299 BB 0.009718 0.006305 0.011351 0.060842 0.113160 0.213919 0.136361
   302 BB 0.027888 0.022775 0.051575 0.129289 0.178062 0.228002 0.175488
   305 BB 0.014164 0.055623 0.069110 0.047748 0.024668 0.085991 0.033902
   308 BB 0.022080 0.052116 0.126843 0.004183 0.034497 0.136705 0.061789
   311 BB 0.010184 0.000565 0.048138 0.060594 0.051945 0.105564 0.095243
   314 BB 0.027640 0.047073 0.077398 0.113534 0.082571 0.041190 0.108307
   317 BB 0.012091 0.021289 0.057026 0.105331 0.134067 0.110060 0.204658
   320 BB 0.007163 0.105170 0.033245 0.077034 0.023653 0.063997 0.197555
   323 BB 0.067128 0.043855 0.131067 0.158969 0.210623 0.291510 0.110182
   326 BB 0.039059 0.062855 0.098717 0.178104 0.194436 0.237899 0.192757
   329 BB 0.009121 0.020220 0.012044 0.040076 0.024441 0.033828 0.136652
   332 BB 0.009574 0.004486 0.014495 0.023895 0.012520 0.017341 0.073002
   335 BB 0.026839 0.034337 0.104609 0.077414 0.092514 0.022721 0.010464
   338 BB 0.017889 0.033774 0.064042 0.062656 0.071118 0.009362 0.078237
