############################################################
--------------------------Figure 1--------------------------
############################################################


DATA SET #1: H–N motion for apo GHSR
Detector responses
          0        1        2        3        4        5        6        
       33 0.379423 0.216577 0.202625 0.168924 0.144027 0.130094 0.059126
       34 0.254031 0.193509 0.203370 0.222060 0.188377 0.212962 0.077475
       35 0.193567 0.135848 0.188404 0.241452 0.277718 0.223545 0.109867
       36 0.172219 0.096997 0.181058 0.248978 0.309912 0.215620 0.140204
       37 0.166745 0.079834 0.141797 0.266160 0.365800 0.247853 0.113563
       38 0.181960 0.062445 0.142335 0.206770 0.359117 0.100062 0.258367
       40 0.098687 0.014624 0.022714 0.023122 0.044138 0.011062 0.827607
       42 0.097900 0.011378 0.019025 0.019028 0.036757 0.017631 0.835156
       43 0.069210 0.007321 0.015283 0.017057 0.042681 0.019226 0.865149
       44 0.069317 0.006653 0.015760 0.015668 0.039303 0.014742 0.871340
       45 0.078545 0.004776 0.011632 0.013605 0.034412 0.015243 0.869850
       46 0.068182 0.004594 0.010006 0.012800 0.033887 0.025612 0.874984
       47 0.069932 0.004600 0.011058 0.012953 0.034011 0.021493 0.875206
       48 0.066436 0.004177 0.010681 0.011185 0.030061 0.012648 0.889152
       49 0.076039 0.003853 0.007490 0.010063 0.024935 0.021843 0.879178
       50 0.069078 0.003798 0.006397 0.009686 0.022679 0.028423 0.883740
       51 0.070380 0.002843 0.006094 0.007273 0.017836 0.013297 0.898692
       52 0.070759 0.002476 0.005680 0.006986 0.017235 0.010540 0.901350
       53 0.070071 0.002382 0.004714 0.006219 0.013522 0.015880 0.901789
       54 0.067091 0.002498 0.004514 0.005364 0.009361 0.012752 0.910008
       55 0.069199 0.003084 0.006871 0.006125 0.009471 0.004187 0.911666
       56 0.070501 0.003014 0.006202 0.005638 0.009745 0.005527 0.910071
       57 0.078246 0.002942 0.005727 0.005554 0.004873 0.000089 0.909737
       58 0.076768 0.003157 0.005525 0.004126 0.002158 0.000001 0.913864
       59 0.071287 0.003206 0.006077 0.004396 0.001499 0.000001 0.919250
       60 0.072632 0.002043 0.005062 0.002513 0.000000 0.000001 0.921923
       61 0.080438 0.002141 0.004524 0.002080 0.000738 0.000001 0.913639
       62 0.068238 0.001582 0.004325 0.001431 0.000000 0.000001 0.927358
       63 0.065282 0.002132 0.004636 0.002465 0.000309 0.000001 0.928782
       64 0.068587 0.002676 0.005143 0.002295 0.001075 0.000001 0.924417
       65 0.067402 0.001746 0.004417 0.001293 0.000000 0.000001 0.928132
       66 0.068270 0.002036 0.005109 0.001851 0.000000 0.000001 0.926594
       67 0.064566 0.002251 0.005542 0.003136 0.001776 0.000009 0.927468
       68 0.066416 0.001849 0.004826 0.001915 0.000000 0.000001 0.928304
       69 0.081364 0.005308 0.008925 0.006881 0.001029 0.000001 0.904865
       70 0.103222 0.008228 0.013828 0.009544 0.000874 0.000001 0.876551
       71 0.115014 0.012064 0.018670 0.018409 0.019292 0.000597 0.841704
       72 0.096262 0.007462 0.010839 0.016229 0.013250 0.036728 0.847431
       73 0.106019 0.011436 0.015411 0.020363 0.023892 0.009463 0.842328
       74 0.118929 0.013750 0.018305 0.015138 0.010492 0.000008 0.844860
       75 0.103942 0.015893 0.023470 0.021419 0.019532 0.014772 0.834585
       76 0.175030 0.033760 0.046122 0.032239 0.024399 0.000102 0.739267
       77 0.087082 0.007231 0.011677 0.010641 0.010745 0.000530 0.887101
       78 0.079156 0.004241 0.006102 0.006646 0.005621 0.001472 0.905537
       79 0.090117 0.004073 0.006676 0.005064 0.001236 0.000001 0.899275
       80 0.073474 0.002041 0.004515 0.002121 0.000000 0.000001 0.921882
       81 0.067098 0.000790 0.003167 0.001185 0.000000 0.000001 0.929964
       82 0.066578 0.000762 0.003258 0.001376 0.000000 0.000002 0.930364
       83 0.067321 0.001412 0.003000 0.001737 0.000000 0.000001 0.929054
       84 0.072457 0.001805 0.003066 0.002509 0.000046 0.000001 0.923088
       85 0.066649 0.001719 0.003291 0.002184 0.000009 0.000001 0.928865
       86 0.065987 0.000611 0.002024 0.000883 0.000000 0.000001 0.932153
       87 0.063975 0.000730 0.001915 0.001094 0.000000 0.000001 0.933974
       88 0.065412 0.000584 0.002288 0.000733 0.000000 0.000002 0.932924
       89 0.066838 0.000548 0.002053 0.000679 0.000000 0.000001 0.931488
       90 0.066325 0.000456 0.002152 0.000825 0.000000 0.000001 0.932039
       91 0.063404 0.000607 0.002562 0.000979 0.000000 0.000001 0.934217
       92 0.070573 0.001721 0.003718 0.002599 0.000350 0.000001 0.924212
       93 0.067170 0.001346 0.003418 0.001923 0.000000 0.000001 0.928707
       94 0.074091 0.002073 0.003389 0.002584 0.001042 0.000001 0.920236
       95 0.094500 0.004191 0.006135 0.002837 0.000157 0.000001 0.897193
       96 0.100752 0.004387 0.006104 0.005080 0.002782 0.000001 0.887755
       98 0.089708 0.002528 0.005000 0.005176 0.007866 0.000768 0.897446
       99 0.071943 0.001942 0.004214 0.003784 0.005910 0.000667 0.918201
      100 0.065684 0.002064 0.004579 0.004659 0.011272 0.003269 0.917753
      101 0.068181 0.002595 0.005349 0.006337 0.011638 0.001571 0.914659
      102 0.067890 0.002807 0.006475 0.009248 0.013774 0.001270 0.911036
      103 0.077967 0.003622 0.007923 0.009970 0.020276 0.003241 0.894200
      104 0.077471 0.004986 0.010130 0.012326 0.023297 0.003252 0.888889
      105 0.086352 0.008682 0.017759 0.015462 0.024277 0.002694 0.870517
      106 0.109881 0.025243 0.027212 0.058995 0.032451 0.411296 0.497289
      107 0.137429 0.031850 0.037464 0.054832 0.039511 0.316889 0.527929
      109 0.101265 0.011217 0.018033 0.018190 0.026544 0.051811 0.814942
      110 0.113604 0.026645 0.041502 0.029008 0.033118 0.023383 0.787555
      111 0.169442 0.036246 0.047378 0.032482 0.029280 0.038514 0.710707
      112 0.109376 0.013941 0.026334 0.050782 0.386137 0.204733 0.444975
      113 0.100924 0.011846 0.019124 0.015457 0.022437 0.017652 0.843132
      114 0.088050 0.009467 0.015222 0.014960 0.015005 0.012994 0.867843
      115 0.074234 0.006876 0.010007 0.006265 0.006937 0.000291 0.906868
      116 0.076065 0.002790 0.005760 0.002750 0.003805 0.000459 0.914543
      117 0.065655 0.002626 0.004924 0.003335 0.006705 0.001141 0.922697
      118 0.062496 0.002199 0.004477 0.002180 0.003349 0.000466 0.929949
      119 0.063334 0.001455 0.003651 0.001103 0.000313 0.000001 0.932589
      120 0.067468 0.001507 0.003651 0.001363 0.000000 0.000001 0.928716
      121 0.066613 0.001595 0.003194 0.001938 0.001271 0.000007 0.928372
      122 0.059948 0.001339 0.002276 0.001981 0.000788 0.000001 0.936069
      123 0.069583 0.000839 0.002404 0.001266 0.000000 0.000001 0.927728
      124 0.068929 0.001808 0.003655 0.002423 0.000686 0.000001 0.925733
      125 0.069084 0.001862 0.002426 0.003456 0.002232 0.000367 0.924383
      126 0.064516 0.001580 0.001913 0.003328 0.002103 0.001530 0.928770
      127 0.082135 0.003208 0.004653 0.002727 0.000913 0.000001 0.910695
      128 0.069837 0.002931 0.004038 0.004193 0.003424 0.000324 0.920740
      129 0.063969 0.002579 0.003558 0.004291 0.002650 0.000412 0.927485
      130 0.068698 0.001168 0.002443 0.001330 0.000000 0.000001 0.928336
      131 0.066930 0.001918 0.004167 0.001827 0.000000 0.000001 0.928757
      132 0.067717 0.001263 0.002655 0.001353 0.000000 0.000001 0.929085
      133 0.069984 0.001417 0.003660 0.001430 0.000000 0.000001 0.926739
      134 0.060001 0.001042 0.003869 0.001378 0.000000 0.000001 0.936285
      135 0.074125 0.002064 0.003719 0.002210 0.000135 0.000001 0.920805
      136 0.063914 0.001154 0.003289 0.001750 0.000401 0.000001 0.931975
      137 0.061341 0.001009 0.003591 0.001534 0.000000 0.000001 0.935269
      138 0.068206 0.001048 0.004060 0.001692 0.000000 0.000001 0.927866
      139 0.068535 0.001904 0.004432 0.002438 0.004727 0.000971 0.922498
      140 0.066778 0.002187 0.004855 0.003331 0.006634 0.001233 0.921905
      141 0.067535 0.002697 0.005790 0.004471 0.010087 0.002072 0.916943
      142 0.074595 0.003445 0.007213 0.006092 0.011965 0.001965 0.906311
      143 0.072228 0.004324 0.008122 0.006452 0.012234 0.001837 0.907226
      144 0.105746 0.009068 0.017745 0.016640 0.022325 0.001715 0.851834
      145 0.115101 0.010212 0.019648 0.018360 0.030718 0.012618 0.826055
      146 0.119944 0.019608 0.027374 0.033034 0.043754 0.069536 0.751510
      147 0.173302 0.024754 0.040638 0.040081 0.053425 0.075273 0.671390
      149 0.243977 0.069720 0.099883 0.186539 0.211319 0.390140 0.112239
      150 0.187075 0.057600 0.085216 0.162103 0.217090 0.341415 0.234551
      151 0.180628 0.065050 0.074761 0.168955 0.179405 0.588796 0.078584
      152 0.201107 0.074548 0.088893 0.174751 0.153882 0.458850 0.149653
      153 0.222380 0.085759 0.090113 0.193222 0.188685 0.497814 0.059512
      154 0.157899 0.076765 0.108721 0.176484 0.226878 0.487797 0.112854
      155 0.159764 0.072267 0.110784 0.174401 0.254649 0.435408 0.135861
      156 0.132794 0.068262 0.083520 0.212585 0.279574 0.522081 0.080093
      157 0.106031 0.036776 0.058333 0.175127 0.252304 0.418786 0.258570
      158 0.102411 0.023530 0.025540 0.095563 0.111818 0.312342 0.507731
      159 0.091759 0.013079 0.025218 0.033468 0.131855 0.273623 0.581636
      160 0.079433 0.011451 0.011188 0.027350 0.015697 0.202558 0.732944
      161 0.069905 0.004518 0.008647 0.011301 0.005331 0.000001 0.911454
      162 0.070749 0.003880 0.007362 0.005965 0.002413 0.000001 0.916999
      163 0.068204 0.003115 0.005797 0.004262 0.002405 0.000001 0.922035
      164 0.061081 0.001963 0.004707 0.002574 0.000000 0.000001 0.933324
      165 0.065890 0.002408 0.005204 0.003456 0.000087 0.000001 0.927159
      166 0.064698 0.001878 0.004379 0.001920 0.000000 0.000001 0.930758
      167 0.062101 0.000812 0.003295 0.001097 0.000000 0.000003 0.934848
      168 0.066065 0.001147 0.003275 0.001639 0.000000 0.000001 0.930295
      169 0.064491 0.001293 0.003241 0.001348 0.000000 0.000001 0.932274
      170 0.061693 0.001095 0.003846 0.001337 0.000000 0.000001 0.934472
      171 0.065266 0.001240 0.003827 0.001760 0.001520 0.000170 0.929568
      172 0.061801 0.001453 0.003254 0.003138 0.003665 0.000220 0.930974
      173 0.068697 0.001406 0.003364 0.002224 0.001363 0.000007 0.926060
      174 0.077105 0.001996 0.005338 0.003395 0.005180 0.000797 0.913142
      175 0.092436 0.004438 0.008168 0.008161 0.009326 0.000439 0.888636
      176 0.108495 0.004841 0.004999 0.007707 0.002613 0.000001 0.878989
      178 0.092309 0.006865 0.013692 0.010193 0.004692 0.000001 0.885520
      179 0.078521 0.004291 0.007778 0.006599 0.004841 0.000026 0.906711
      180 0.089004 0.007276 0.012884 0.010104 0.004715 0.000001 0.889123
      181 0.094027 0.013290 0.031691 0.025704 0.010898 0.000092 0.854430
      182 0.097496 0.010541 0.024778 0.023116 0.009745 0.000001 0.859865
      183 0.106525 0.008817 0.014735 0.016183 0.012836 0.037447 0.833189
      184 0.136241 0.022937 0.064019 0.075428 0.050097 0.024165 0.710949
      185 0.112826 0.024580 0.052968 0.072475 0.066672 0.031042 0.727218
      186 0.175017 0.073234 0.123047 0.206923 0.179999 0.076407 0.398633
      187 0.240851 0.125845 0.207674 0.357463 0.335210 0.118104 0.021290
      188 0.265128 0.150779 0.234287 0.304351 0.256381 0.082514 0.074409
      189 0.324956 0.188926 0.290841 0.296112 0.209924 0.032001 0.023426
      190 0.335412 0.145351 0.242568 0.290604 0.290121 0.053201 0.012515
      191 0.282006 0.115731 0.208979 0.289544 0.334420 0.055314 0.075284
      193 0.299481 0.124738 0.250469 0.346226 0.281355 0.050130 0.027951
      194 0.214249 0.126651 0.250229 0.354385 0.354783 0.107761 0.015262
      195 0.213410 0.111727 0.253191 0.321703 0.312915 0.096418 0.081073
      196 0.172609 0.092430 0.192741 0.247357 0.278267 0.150800 0.202923
      197 0.117312 0.029198 0.053246 0.096400 0.141471 0.141617 0.577054
      198 0.103454 0.006937 0.016456 0.016761 0.030792 0.006965 0.846769
      199 0.089266 0.007856 0.016308 0.017746 0.028680 0.015631 0.854864
      201 0.122626 0.024240 0.029169 0.029447 0.010423 0.120560 0.730982
      202 0.133344 0.049179 0.066453 0.127749 0.116476 0.452489 0.306776
      203 0.148110 0.053905 0.078629 0.140156 0.112865 0.417821 0.300439
      204 0.143642 0.060405 0.079193 0.167917 0.128718 0.523040 0.195525
      205 0.141594 0.045220 0.073231 0.144081 0.149469 0.316047 0.366560
      206 0.120993 0.049952 0.076896 0.141121 0.108480 0.357716 0.378777
      207 0.178395 0.067541 0.086572 0.143418 0.087975 0.522326 0.190656
      208 0.156259 0.045286 0.049732 0.082143 0.158339 0.716591 0.105677
      209 0.116769 0.030522 0.033010 0.058717 0.017948 0.361149 0.529742
      210 0.085182 0.023706 0.017025 0.024596 0.029588 0.675084 0.356095
      211 0.088883 0.017243 0.015149 0.037484 0.019688 0.489054 0.495656
      212 0.081138 0.014301 0.012945 0.031669 0.011284 0.410861 0.575048
      213 0.072449 0.011116 0.010464 0.024466 0.006011 0.336160 0.651228
      214 0.069178 0.010883 0.008864 0.030918 0.013788 0.496916 0.526297
      215 0.072125 0.011877 0.009409 0.034329 0.013475 0.492827 0.523533
      216 0.064977 0.010739 0.008788 0.029813 0.009665 0.359201 0.637713
      217 0.069768 0.008529 0.008649 0.019292 0.003510 0.384628 0.627195
      218 0.079372 0.011886 0.008671 0.034488 0.017602 0.479645 0.523718
      219 0.074527 0.012519 0.008856 0.033566 0.013276 0.452010 0.552465
      220 0.071255 0.006970 0.008108 0.023514 0.029881 0.228990 0.719446
      221 0.092357 0.013686 0.025694 0.052400 0.140636 0.349390 0.506910
      222 0.087346 0.014341 0.020863 0.050700 0.052184 0.280074 0.622046
      223 0.076465 0.005908 0.011798 0.020206 0.053947 0.053980 0.826713
      225 0.076751 0.004050 0.009218 0.007588 0.027653 0.031456 0.870227
      226 0.065503 0.003620 0.008264 0.007717 0.028843 0.032137 0.881005
      227 0.072813 0.003849 0.008989 0.008224 0.034126 0.013005 0.883475
      228 0.062846 0.003415 0.007115 0.007736 0.012470 0.001373 0.917039
      229 0.073536 0.004124 0.006932 0.010471 0.013893 0.021305 0.888719
      230 0.069507 0.004348 0.007418 0.010268 0.014651 0.022862 0.890879
      231 0.064738 0.003669 0.006449 0.008591 0.012942 0.016506 0.903497
      232 0.063916 0.004516 0.006593 0.010196 0.012135 0.027885 0.894897
      233 0.085369 0.005210 0.009919 0.011543 0.017702 0.036659 0.860538
      234 0.075093 0.005989 0.009166 0.012126 0.019358 0.048940 0.860082
      235 0.078172 0.007136 0.013065 0.012094 0.040907 0.041845 0.845621
      236 0.082184 0.009916 0.020707 0.028843 0.087802 0.267586 0.630685
      237 0.079574 0.011009 0.016131 0.029150 0.124021 0.429985 0.493610
      238 0.084919 0.009466 0.017726 0.025165 0.101269 0.330733 0.577954
      239 0.094418 0.012915 0.021517 0.029413 0.172761 0.384324 0.477567
      240 0.110895 0.016764 0.029593 0.039141 0.138629 0.331350 0.506526
      241 0.122663 0.032246 0.061272 0.106329 0.211907 0.458332 0.281998
      242 0.139142 0.039391 0.056984 0.137146 0.215939 0.318752 0.344433
      243 0.134886 0.049907 0.049911 0.124164 0.156479 0.695607 0.114948
      244 0.168104 0.057088 0.074149 0.155161 0.249873 0.620770 0.040409
      245 0.228096 0.124356 0.247319 0.265239 0.205590 0.234311 0.064318
      246 0.294532 0.125217 0.210228 0.226822 0.194671 0.122799 0.132077
      247 0.357745 0.162762 0.233987 0.233378 0.176495 0.123086 0.037459
      248 0.393349 0.183653 0.231295 0.219322 0.166678 0.094585 0.027629
      249 0.364106 0.197346 0.263967 0.242899 0.165571 0.082207 0.022305
      250 0.346284 0.191391 0.272011 0.260056 0.140254 0.078556 0.045528
      251 0.383307 0.178821 0.255338 0.218517 0.131673 0.086617 0.051481
      252 0.303181 0.145732 0.216867 0.182151 0.114578 0.133927 0.179247
      253 0.139906 0.047488 0.075835 0.086019 0.071042 0.241981 0.504925
      254 0.097637 0.020788 0.030398 0.046886 0.016003 0.262106 0.639251
      255 0.091207 0.012123 0.017183 0.026877 0.024587 0.065486 0.810404
      256 0.080537 0.011438 0.015574 0.023719 0.013840 0.106378 0.802283
      257 0.074062 0.010108 0.011578 0.018340 0.002020 0.285639 0.694926
      258 0.070965 0.008594 0.010543 0.017168 0.004109 0.197223 0.761575
      259 0.069613 0.007417 0.010817 0.015030 0.013923 0.035973 0.874631
      260 0.070231 0.007342 0.008250 0.013191 0.001795 0.180170 0.781692
      261 0.074622 0.006902 0.007020 0.010827 0.001139 0.264472 0.720861
      262 0.071252 0.006183 0.007809 0.014014 0.010644 0.131240 0.810529
      263 0.070804 0.005330 0.006812 0.010166 0.006704 0.070279 0.860564
      264 0.069924 0.006487 0.006627 0.011008 0.001305 0.213643 0.762279
      265 0.072588 0.005949 0.006628 0.011701 0.001579 0.178081 0.784071
      266 0.069901 0.003276 0.006914 0.007566 0.014181 0.007441 0.904649
      267 0.072596 0.004922 0.005732 0.008562 0.001987 0.100148 0.842692
      268 0.070549 0.004268 0.005084 0.006181 0.000402 0.125823 0.830950
      269 0.068020 0.004134 0.006520 0.007003 0.006221 0.018393 0.903850
      270 0.068423 0.004371 0.006903 0.006854 0.007018 0.036822 0.889452
      271 0.065639 0.004099 0.005133 0.005315 0.000228 0.121966 0.839181
      272 0.072170 0.004375 0.005453 0.006094 0.001041 0.070839 0.866521
      273 0.072022 0.003554 0.006992 0.005344 0.009458 0.001313 0.911308
      274 0.067997 0.005185 0.006717 0.007645 0.001067 0.102188 0.846064
      275 0.082355 0.007728 0.012013 0.009492 0.000821 0.136863 0.800737
      276 0.083027 0.004791 0.009578 0.007721 0.011363 0.001137 0.896054
      277 0.076202 0.004102 0.005937 0.007270 0.005730 0.075601 0.854742
      279 0.083970 0.006455 0.009076 0.016099 0.014888 0.076754 0.831460
      280 0.066941 0.004403 0.007661 0.012266 0.016722 0.066508 0.859510
      281 0.071629 0.004814 0.007484 0.011735 0.016221 0.131836 0.808052
      282 0.075384 0.004601 0.007196 0.011298 0.017825 0.120554 0.811933
      283 0.072953 0.003926 0.010475 0.011743 0.034297 0.059559 0.846546
      284 0.079293 0.005395 0.010886 0.012435 0.033379 0.070070 0.831013
      285 0.071958 0.007330 0.013300 0.016690 0.036652 0.105001 0.805736
      286 0.081153 0.008103 0.020783 0.024085 0.080046 0.067961 0.786296
      287 0.104638 0.018862 0.052979 0.058215 0.138969 0.133321 0.628464
      288 0.120479 0.036327 0.058936 0.106036 0.153428 0.258134 0.466855
      289 0.157800 0.060262 0.071593 0.138897 0.079745 0.504294 0.247877
      290 0.176342 0.061007 0.087305 0.146796 0.156167 0.422186 0.227831
      291 0.199863 0.066405 0.104319 0.125528 0.157328 0.218859 0.353985
      293 0.258848 0.110804 0.142316 0.150767 0.169040 0.276952 0.175066
      294 0.271290 0.117511 0.180482 0.227302 0.195254 0.247412 0.088064
      295 0.175309 0.099011 0.149332 0.209778 0.134998 0.257632 0.258780
      296 0.134440 0.058653 0.077476 0.132378 0.101417 0.321867 0.395965
      297 0.138403 0.042768 0.072261 0.095209 0.077390 0.304017 0.457617
      298 0.097199 0.025116 0.038710 0.053931 0.027006 0.379632 0.533573
      299 0.083069 0.015154 0.021098 0.028919 0.016480 0.226594 0.700546
      300 0.076862 0.011875 0.017263 0.023612 0.011873 0.245587 0.704248
      301 0.074773 0.007556 0.014700 0.017452 0.030482 0.066246 0.832998
      302 0.071196 0.006428 0.013287 0.016100 0.028042 0.097679 0.818173
      303 0.069813 0.006072 0.010079 0.014699 0.015548 0.180642 0.769675
      304 0.070100 0.004793 0.008961 0.011256 0.016788 0.124440 0.813574
      305 0.067490 0.003705 0.008228 0.009005 0.021851 0.053937 0.866550
      306 0.068101 0.003703 0.007108 0.009131 0.016801 0.108328 0.830950
      307 0.068929 0.003759 0.006315 0.008618 0.009951 0.150440 0.804218
      308 0.069738 0.002937 0.005859 0.006990 0.010514 0.057886 0.872359
      309 0.067565 0.002743 0.004464 0.007061 0.007455 0.046437 0.885447
      310 0.070082 0.003191 0.004447 0.007425 0.006480 0.088464 0.852670
      311 0.066836 0.002581 0.004161 0.006118 0.008340 0.058748 0.877601
      312 0.064871 0.002003 0.005097 0.005094 0.011432 0.002337 0.918628
      313 0.072686 0.002406 0.005162 0.006010 0.010680 0.016184 0.900528
      314 0.070553 0.002540 0.003892 0.005258 0.004783 0.037131 0.892554
      315 0.070181 0.002526 0.005222 0.003992 0.009008 0.004919 0.913212
      316 0.083521 0.005092 0.008996 0.006432 0.013673 0.002411 0.893533
      317 0.092311 0.005454 0.007476 0.007906 0.007285 0.033487 0.865686
      318 0.091909 0.006108 0.011906 0.011336 0.012778 0.008745 0.875153
      319 0.088705 0.007012 0.012750 0.016691 0.018778 0.028146 0.856251
      321 0.088141 0.004489 0.007299 0.009279 0.009981 0.005326 0.888418
      322 0.067634 0.005220 0.007233 0.013117 0.018517 0.031794 0.881640
      323 0.068953 0.004905 0.007255 0.013383 0.019900 0.035698 0.876919
      324 0.071190 0.004596 0.006283 0.009572 0.011821 0.012187 0.899723
      325 0.078967 0.005725 0.009062 0.011518 0.011383 0.005125 0.893551
      326 0.088102 0.009841 0.013567 0.019321 0.022100 0.049888 0.835111
      327 0.150977 0.020339 0.024444 0.028963 0.035238 0.052910 0.741815
      328 0.111651 0.018243 0.026052 0.076331 0.112073 0.161423 0.623940
      329 0.097572 0.013922 0.021816 0.061798 0.090033 0.149439 0.675686
      330 0.078159 0.004942 0.008301 0.009544 0.006876 0.000017 0.903195
      331 0.073392 0.005040 0.010073 0.014381 0.009839 0.000011 0.901869
      332 0.076851 0.006194 0.010511 0.011221 0.006352 0.000001 0.901663
      333 0.072789 0.004546 0.008340 0.008650 0.003878 0.000001 0.911325
      334 0.067238 0.004512 0.008193 0.007902 0.003057 0.000001 0.917996
      335 0.074793 0.006381 0.011226 0.009595 0.004901 0.000001 0.905111
      336 0.078785 0.008009 0.013105 0.010994 0.004602 0.000001 0.898287
      337 0.097814 0.012932 0.018070 0.013351 0.006876 0.000001 0.870125
      338 0.100924 0.017792 0.027243 0.018737 0.040567 0.006902 0.828612
      339 0.282224 0.300106 0.234207 0.043187 0.004647 0.000000 0.354405

DATA SET #2: H–N motion for ghrelin-bound GHSR
Detector responses
          0        1        2        3        4        5        6        
        2 0.151423 0.033851 0.052437 0.106159 0.169900 0.445314 0.294154
        3 0.145964 0.032578 0.044168 0.090977 0.152072 0.449054 0.323001
        4 0.129369 0.019615 0.013246 0.062416 0.075742 0.471152 0.417196
        5 0.110761 0.009441 0.012259 0.018525 0.072559 0.254451 0.633730
        6 0.132462 0.021057 0.025444 0.041243 0.070756 0.258180 0.579713
        8 0.125195 0.034153 0.033536 0.074273 0.085133 0.435469 0.412104
        9 0.118286 0.022039 0.039717 0.055810 0.136373 0.378466 0.445389
       10 0.105011 0.023930 0.035476 0.081563 0.194607 0.450479 0.355143
       11 0.105916 0.022391 0.042148 0.072446 0.218820 0.407290 0.373515
       12 0.119594 0.027878 0.056054 0.090402 0.189662 0.248730 0.469803
       13 0.136961 0.047767 0.080562 0.112979 0.175211 0.248869 0.417833
       14 0.179312 0.063696 0.101694 0.152945 0.183938 0.220328 0.341993
       15 0.247827 0.083966 0.161511 0.268451 0.337041 0.154570 0.100556
       33 0.474056 0.254574 0.212567 0.124071 0.079759 0.076073 0.042766
       34 0.315815 0.229810 0.236708 0.205073 0.185795 0.122812 0.050759
       35 0.207004 0.146872 0.218359 0.204969 0.177514 0.186940 0.181231
       36 0.190339 0.097313 0.156052 0.177430 0.232081 0.212965 0.233884
       37 0.180332 0.062380 0.098952 0.146227 0.173795 0.211493 0.360644
       38 0.150961 0.039965 0.065344 0.104327 0.149307 0.121704 0.533635
       40 0.097846 0.012335 0.015760 0.011293 0.015216 0.002887 0.865755
       42 0.096894 0.011580 0.015490 0.010276 0.007670 0.000026 0.874853
       43 0.070633 0.005866 0.009276 0.007647 0.008635 0.000376 0.909606
       44 0.066928 0.005038 0.009352 0.007901 0.010204 0.000719 0.912686
       45 0.075773 0.003982 0.008154 0.006099 0.006108 0.000249 0.908932
       46 0.066376 0.003521 0.007496 0.004902 0.003779 0.000064 0.921253
       47 0.068025 0.003342 0.007238 0.004565 0.005417 0.000421 0.919103
       48 0.064403 0.003702 0.007366 0.005238 0.007001 0.000600 0.921012
       49 0.075170 0.003438 0.007015 0.004097 0.003979 0.000178 0.913203
       50 0.069737 0.003712 0.007258 0.004149 0.004675 0.000300 0.917856
       51 0.070635 0.003406 0.006396 0.003616 0.004895 0.000460 0.917922
       52 0.071641 0.003401 0.006686 0.003723 0.004693 0.000400 0.916788
       53 0.071429 0.003893 0.007166 0.003932 0.003802 0.000151 0.916779
       54 0.069177 0.003438 0.006652 0.003477 0.003263 0.000133 0.920266
       55 0.071943 0.003986 0.008279 0.004120 0.003651 0.000151 0.915494
       56 0.073641 0.004395 0.008851 0.005025 0.003213 0.000015 0.912887
       57 0.081226 0.004434 0.008600 0.005884 0.004127 0.000026 0.904308
       58 0.073469 0.003855 0.007039 0.004228 0.004219 0.000170 0.914389
       59 0.071096 0.003738 0.007588 0.004650 0.004769 0.000239 0.915891
       60 0.073887 0.003178 0.007206 0.004948 0.005495 0.000359 0.913069
       61 0.080085 0.003196 0.007343 0.005313 0.004810 0.000168 0.906937
       62 0.067702 0.003586 0.006920 0.004677 0.006550 0.000620 0.918715
       63 0.066112 0.003837 0.007380 0.005080 0.008164 0.000991 0.918664
       64 0.072335 0.003776 0.007120 0.007157 0.013394 0.001859 0.906878
       65 0.071421 0.004161 0.007826 0.006002 0.008354 0.000723 0.912095
       66 0.072701 0.004350 0.008099 0.006292 0.014350 0.009250 0.899843
       67 0.069255 0.004457 0.008864 0.007401 0.028106 0.035902 0.874444
       68 0.071199 0.004452 0.007290 0.008325 0.019161 0.064271 0.857860
       69 0.087142 0.009153 0.013099 0.018889 0.033234 0.077390 0.810196
       70 0.102298 0.012907 0.019127 0.027829 0.027650 0.120600 0.755455
       71 0.116905 0.019864 0.021979 0.046742 0.040797 0.396691 0.512062
       72 0.104251 0.015677 0.016101 0.036438 0.016759 0.432845 0.525222
       73 0.105577 0.015288 0.016511 0.021404 0.007181 0.345793 0.605119
       74 0.119249 0.017671 0.017306 0.024818 0.010936 0.287520 0.627288
       75 0.111494 0.029485 0.042992 0.042993 0.025664 0.487727 0.439767
       76 0.149022 0.038753 0.042303 0.067605 0.047696 0.497088 0.360588
       77 0.082889 0.010755 0.011494 0.016996 0.001850 0.315833 0.663021
       78 0.084656 0.008311 0.008585 0.014652 0.004175 0.260743 0.704134
       79 0.088092 0.007372 0.007703 0.014443 0.008380 0.035935 0.862291
       80 0.076884 0.004514 0.006130 0.007617 0.005857 0.009962 0.900778
       81 0.071469 0.004366 0.005186 0.007161 0.002846 0.022765 0.899882
       82 0.066098 0.003791 0.004688 0.006579 0.003639 0.021335 0.906758
       83 0.067001 0.003013 0.006008 0.004961 0.004285 0.000085 0.921515
       84 0.072806 0.003284 0.005758 0.005083 0.008221 0.000884 0.913237
       85 0.067202 0.003386 0.006246 0.005797 0.006260 0.000258 0.919154
       86 0.063781 0.002996 0.005496 0.004393 0.007530 0.000948 0.923520
       87 0.065396 0.002609 0.005517 0.003717 0.004797 0.000416 0.924199
       88 0.068258 0.002756 0.006427 0.004255 0.003095 0.000049 0.921360
       89 0.066382 0.002834 0.005538 0.004486 0.007307 0.000866 0.921083
       90 0.069821 0.002761 0.005215 0.004019 0.008195 0.003227 0.915080
       91 0.068149 0.002604 0.004962 0.004178 0.005787 0.002580 0.918967
       92 0.074298 0.003984 0.008845 0.004955 0.006751 0.000767 0.910459
       93 0.073246 0.003100 0.006882 0.003613 0.005134 0.000659 0.915118
       94 0.086648 0.004636 0.008598 0.004605 0.003617 0.000063 0.899890
       95 0.093131 0.006655 0.009295 0.004752 0.000513 0.000001 0.893652
       96 0.106885 0.007699 0.011093 0.008707 0.009133 0.005301 0.866207
       98 0.091997 0.005684 0.008082 0.008724 0.005526 0.012229 0.881622
       99 0.086792 0.006885 0.008932 0.012248 0.009642 0.050203 0.853198
      100 0.074182 0.005074 0.007126 0.008771 0.011641 0.038380 0.877653
      101 0.075966 0.004555 0.009780 0.010172 0.014120 0.001395 0.898631
      102 0.081572 0.006085 0.009954 0.015616 0.014163 0.059616 0.846264
      103 0.083958 0.008512 0.009344 0.021206 0.008340 0.087826 0.823419
      104 0.086895 0.009125 0.011134 0.018984 0.011659 0.043524 0.849486
      105 0.132301 0.035494 0.033373 0.105121 0.080505 0.502211 0.337875
      106 0.132385 0.041608 0.044563 0.135603 0.145162 0.526578 0.249554
      107 0.131518 0.032089 0.047552 0.129481 0.238487 0.425406 0.276154
      109 0.111442 0.021526 0.031594 0.042149 0.073742 0.196474 0.638990
      110 0.116120 0.031616 0.052643 0.054375 0.088589 0.180962 0.608663
      111 0.143404 0.029402 0.039084 0.043954 0.049116 0.256969 0.566834
      112 0.110307 0.017367 0.032151 0.039755 0.227126 0.153380 0.580765
      113 0.100164 0.013244 0.020804 0.017070 0.029378 0.014520 0.838748
      114 0.086059 0.010191 0.014686 0.010079 0.018978 0.007671 0.874381
      115 0.074961 0.008716 0.013186 0.008156 0.012322 0.001166 0.898516
      116 0.075639 0.005263 0.009796 0.007075 0.014001 0.002285 0.900449
      117 0.067074 0.004094 0.008749 0.005667 0.009298 0.001290 0.914734
      118 0.064879 0.003539 0.007548 0.004974 0.006736 0.000662 0.920890
      119 0.065224 0.003459 0.007225 0.004502 0.007386 0.001025 0.920802
      120 0.074093 0.002978 0.006710 0.003659 0.004939 0.000575 0.914551
      121 0.068693 0.002682 0.006239 0.003109 0.004373 0.000607 0.921146
      122 0.060241 0.002155 0.005372 0.002286 0.003128 0.000533 0.931790
      123 0.069746 0.002617 0.005993 0.003582 0.004166 0.000344 0.920029
      124 0.069675 0.002956 0.006371 0.004632 0.005554 0.000401 0.918101
      125 0.071821 0.003196 0.006249 0.004245 0.008081 0.001304 0.913809
      126 0.065060 0.002194 0.004871 0.002856 0.005404 0.001003 0.924797
      127 0.079325 0.003970 0.007108 0.005290 0.009621 0.001335 0.903621
      128 0.070866 0.003687 0.006678 0.006050 0.012911 0.002197 0.909573
      129 0.063240 0.002727 0.005188 0.005381 0.011543 0.001964 0.920104
      130 0.072017 0.002390 0.005450 0.002984 0.003668 0.000364 0.918950
      131 0.070943 0.003007 0.006764 0.003940 0.004714 0.000410 0.917560
      132 0.068115 0.002350 0.005681 0.002757 0.003704 0.000515 0.922924
      133 0.072361 0.002366 0.006607 0.003948 0.003231 0.000153 0.917515
      134 0.061774 0.002518 0.006486 0.003653 0.003923 0.000340 0.927884
      135 0.073630 0.002603 0.006063 0.003646 0.004587 0.000455 0.915837
      136 0.064562 0.002241 0.005340 0.003079 0.004868 0.000754 0.925882
      137 0.062432 0.002450 0.005806 0.003418 0.004517 0.000507 0.927511
      138 0.068254 0.002677 0.005977 0.003650 0.005909 0.000860 0.920525
      139 0.068436 0.003366 0.006079 0.004830 0.007694 0.000840 0.917846
      140 0.066032 0.003146 0.005757 0.005391 0.009031 0.001045 0.919444
      141 0.066731 0.003449 0.006329 0.006279 0.010502 0.001195 0.915909
      142 0.069644 0.003859 0.007371 0.006789 0.012481 0.009386 0.904438
      143 0.069332 0.004981 0.009527 0.009135 0.014348 0.014265 0.896549
      144 0.083121 0.007516 0.011707 0.013060 0.013651 0.015465 0.876724
      145 0.093046 0.009638 0.014799 0.017634 0.020119 0.026383 0.848585
      146 0.118287 0.013783 0.025920 0.027363 0.029836 0.010831 0.812596
      147 0.186048 0.028613 0.041207 0.067601 0.120542 0.214360 0.494730
      149 0.228841 0.063707 0.098155 0.169041 0.187375 0.398238 0.150774
      150 0.185752 0.057070 0.090866 0.201427 0.306068 0.460190 0.065637
      151 0.225334 0.055577 0.083647 0.151026 0.239171 0.402743 0.146050
      152 0.185654 0.058038 0.104818 0.171905 0.218373 0.245752 0.284454
      153 0.220401 0.077255 0.110583 0.170399 0.237736 0.378681 0.126917
      154 0.181933 0.087357 0.153447 0.189028 0.229113 0.294814 0.185720
      155 0.179622 0.080557 0.141217 0.168735 0.203866 0.305285 0.220429
      156 0.147077 0.069992 0.123242 0.153541 0.176305 0.296883 0.304326
      157 0.129505 0.044693 0.083183 0.133243 0.193006 0.220234 0.423040
      158 0.119431 0.027981 0.051364 0.098056 0.179215 0.168916 0.532679
      159 0.104155 0.022662 0.029693 0.046700 0.106919 0.248046 0.585873
      160 0.091383 0.009963 0.022051 0.013972 0.068951 0.268526 0.640618
      161 0.080706 0.007516 0.013978 0.014141 0.019344 0.035918 0.858959
      162 0.075205 0.006444 0.010273 0.010186 0.009558 0.012407 0.892914
      163 0.075304 0.005532 0.008361 0.008057 0.009252 0.011107 0.897066
      164 0.063894 0.004497 0.006734 0.007772 0.007350 0.008023 0.913617
      165 0.067155 0.004411 0.007472 0.007693 0.007785 0.001646 0.914398
      166 0.068739 0.003427 0.006493 0.004704 0.005319 0.000291 0.918739
      167 0.064955 0.003013 0.005292 0.004823 0.006398 0.000451 0.922794
      168 0.066305 0.002936 0.005179 0.005034 0.007228 0.000600 0.920792
      169 0.066080 0.002795 0.005885 0.003558 0.004700 0.000457 0.923348
      170 0.064038 0.002837 0.005865 0.004540 0.005431 0.000359 0.924255
      171 0.067386 0.002854 0.005840 0.004730 0.006458 0.000559 0.920176
      172 0.063139 0.002880 0.005683 0.005225 0.007255 0.000607 0.923683
      173 0.071146 0.002748 0.005995 0.003938 0.004094 0.000224 0.918329
      174 0.076048 0.003548 0.007179 0.006849 0.007894 0.000422 0.907946
      175 0.087624 0.004404 0.009124 0.006875 0.006970 0.000298 0.895176
      176 0.116155 0.009158 0.017920 0.020167 0.027388 0.002043 0.835635
      178 0.094557 0.007676 0.013151 0.009818 0.004602 0.000001 0.883404
      179 0.082213 0.005668 0.010178 0.008216 0.004098 0.000001 0.900164
      180 0.096077 0.012818 0.023862 0.012284 0.011105 0.000372 0.866236
      181 0.104482 0.015680 0.035502 0.030754 0.017753 0.016297 0.820581
      182 0.112558 0.011244 0.017833 0.024854 0.020890 0.094309 0.771733
      183 0.089585 0.007109 0.011638 0.012131 0.012790 0.000416 0.882921
      184 0.125077 0.022879 0.038520 0.048282 0.055464 0.078326 0.713458
      185 0.112380 0.018521 0.030269 0.066039 0.080128 0.156820 0.650668
      186 0.145095 0.036178 0.060708 0.092111 0.170695 0.214172 0.471845
      187 0.181924 0.069082 0.127582 0.191056 0.262040 0.217804 0.248043
      188 0.216262 0.091596 0.152702 0.198973 0.259740 0.147578 0.229888
      189 0.288104 0.117785 0.194545 0.185942 0.237365 0.138856 0.144964
      190 0.302831 0.101847 0.153937 0.179314 0.227256 0.178668 0.147354
      191 0.234848 0.088947 0.150982 0.199946 0.284012 0.164706 0.186189
      193 0.226547 0.087559 0.170452 0.267850 0.303566 0.176903 0.118844
      194 0.180317 0.080985 0.150486 0.238019 0.303855 0.209331 0.178150
      195 0.163635 0.077010 0.134715 0.278284 0.326285 0.301820 0.100536
      196 0.183195 0.069746 0.119984 0.215971 0.256930 0.289324 0.185858
      197 0.124038 0.026327 0.052039 0.082331 0.123858 0.264184 0.503774
      198 0.094559 0.007150 0.014635 0.012553 0.038229 0.028703 0.839313
      199 0.080691 0.006529 0.012241 0.015595 0.022715 0.024262 0.865717
      201 0.093067 0.009045 0.010086 0.014959 0.008174 0.080633 0.822015
      202 0.090146 0.014333 0.017770 0.031534 0.045395 0.162177 0.723289
      203 0.095054 0.014252 0.018813 0.034302 0.044593 0.122624 0.746145
      204 0.097309 0.013001 0.014887 0.031343 0.036892 0.123977 0.751894
      205 0.089930 0.012417 0.015429 0.032830 0.041695 0.174223 0.719297
      206 0.088965 0.014867 0.019137 0.036579 0.041387 0.147125 0.733506
      207 0.144436 0.016881 0.020701 0.040261 0.046427 0.074348 0.723128
      208 0.178217 0.019052 0.025472 0.045187 0.029526 0.149853 0.637559
      209 0.120331 0.011066 0.020964 0.034692 0.069313 0.060284 0.750070
      210 0.110446 0.011565 0.018377 0.020794 0.026201 0.019156 0.827327
      211 0.085669 0.009052 0.011855 0.014879 0.025469 0.044330 0.843561
      212 0.099415 0.008412 0.013991 0.011446 0.024749 0.011176 0.855755
      213 0.074087 0.006210 0.009153 0.011523 0.018203 0.034999 0.872437
      214 0.070177 0.006085 0.008061 0.014244 0.022103 0.084221 0.837169
      215 0.072299 0.005361 0.009415 0.012695 0.028609 0.060222 0.848971
      216 0.067999 0.004835 0.010707 0.010913 0.026993 0.020621 0.883645
      217 0.084997 0.009896 0.014067 0.023937 0.020639 0.097595 0.801287
      218 0.123416 0.015923 0.020877 0.042460 0.049424 0.138328 0.694653
      219 0.112619 0.015128 0.019623 0.045012 0.052064 0.133118 0.707781
      220 0.098497 0.015274 0.018268 0.037619 0.037794 0.244214 0.655331
      221 0.116876 0.018569 0.031731 0.054792 0.080281 0.165490 0.645885
      222 0.089019 0.014820 0.020361 0.038566 0.051578 0.170836 0.708256
      223 0.074426 0.006538 0.014462 0.013585 0.026200 0.005542 0.883266
      225 0.077131 0.004664 0.008185 0.008357 0.024311 0.005953 0.890005
      226 0.065820 0.004760 0.009634 0.008491 0.020091 0.004126 0.905113
      227 0.071475 0.004224 0.008925 0.010043 0.011971 0.000677 0.906416
      228 0.062826 0.003977 0.006867 0.007163 0.019543 0.004430 0.910403
      229 0.074798 0.003090 0.004763 0.009349 0.033875 0.009800 0.886119
      230 0.070353 0.003651 0.008799 0.007549 0.010100 0.000932 0.910866
      231 0.064914 0.003330 0.006885 0.005902 0.008942 0.000944 0.919451
      232 0.062595 0.003107 0.006516 0.005927 0.011251 0.001725 0.919637
      233 0.076259 0.003205 0.007220 0.005034 0.006174 0.000502 0.910212
      234 0.068419 0.003508 0.007186 0.006162 0.008393 0.000709 0.915771
      235 0.064295 0.003701 0.007349 0.006355 0.008947 0.000790 0.919234
      236 0.069877 0.003422 0.006741 0.005494 0.009783 0.001347 0.913397
      237 0.075120 0.004759 0.008522 0.009108 0.012880 0.014183 0.892452
      238 0.081379 0.006300 0.010186 0.012153 0.018212 0.013426 0.879514
      239 0.088034 0.008415 0.013033 0.016435 0.025691 0.019985 0.857445
      240 0.104249 0.012281 0.016656 0.023286 0.026541 0.044411 0.814232
      241 0.118928 0.025984 0.029149 0.080086 0.115584 0.605680 0.278344
      242 0.121279 0.033095 0.039506 0.070561 0.077017 0.525998 0.352552
      243 0.112927 0.023667 0.030503 0.058492 0.055930 0.472389 0.434662
      244 0.212062 0.033427 0.053883 0.067950 0.158252 0.208657 0.438066
      245 0.200296 0.068418 0.139872 0.174927 0.197016 0.173255 0.305002
      246 0.238828 0.106147 0.162683 0.202323 0.191598 0.216330 0.182086
      247 0.304067 0.136179 0.232584 0.252705 0.213630 0.064217 0.119192
      248 0.304881 0.158383 0.223232 0.266883 0.257920 0.117703 0.035036
      249 0.297595 0.160417 0.237066 0.298903 0.280241 0.086053 0.017767
      250 0.297181 0.174459 0.290344 0.269085 0.220916 0.117178 0.009150
      251 0.324774 0.157294 0.210955 0.246560 0.273191 0.104852 0.036503
      252 0.294317 0.139106 0.211469 0.217452 0.230180 0.068979 0.148436
      253 0.139591 0.059370 0.100990 0.174437 0.109518 0.192909 0.437525
      254 0.102132 0.020484 0.034148 0.062689 0.073659 0.182248 0.645588
      255 0.090932 0.009371 0.021676 0.014516 0.051928 0.025175 0.829664
      256 0.084308 0.009270 0.019265 0.014558 0.043283 0.027407 0.841779
      257 0.078289 0.009143 0.017864 0.013270 0.058790 0.023150 0.843798
      258 0.073832 0.008451 0.016167 0.013439 0.057460 0.021574 0.850732
      259 0.072636 0.007410 0.015207 0.012143 0.032503 0.007959 0.879662
      260 0.073173 0.006890 0.014174 0.009186 0.029614 0.013090 0.879812
      261 0.082040 0.007072 0.014029 0.010795 0.026588 0.005894 0.877560
      262 0.072510 0.005953 0.010372 0.008813 0.021699 0.004456 0.895774
      263 0.076142 0.006090 0.012530 0.010592 0.021985 0.003871 0.889305
      264 0.080238 0.007361 0.012846 0.009043 0.020019 0.003728 0.886662
      265 0.073525 0.005569 0.012197 0.008816 0.018219 0.004102 0.895295
      266 0.073078 0.005267 0.010290 0.007439 0.014932 0.002540 0.901759
      267 0.080211 0.005498 0.009866 0.007809 0.014753 0.002152 0.894736
      268 0.072511 0.005160 0.010517 0.008000 0.017548 0.007668 0.896070
      269 0.070602 0.005041 0.009541 0.006277 0.016442 0.003973 0.903826
      270 0.069951 0.004770 0.008272 0.006751 0.014115 0.002340 0.907507
      271 0.066787 0.004393 0.008509 0.007470 0.019215 0.006990 0.903239
      272 0.072574 0.003928 0.008649 0.006178 0.021388 0.008791 0.895872
      273 0.069516 0.003977 0.006905 0.005904 0.013993 0.002740 0.909743
      274 0.067458 0.004526 0.007815 0.007407 0.015503 0.002506 0.909061
      275 0.087196 0.006450 0.010351 0.009329 0.016785 0.002098 0.884536
      276 0.091665 0.005461 0.010812 0.010687 0.021678 0.004705 0.874316
      277 0.075243 0.004075 0.008354 0.006493 0.012156 0.001889 0.904219
      279 0.088506 0.003967 0.007876 0.008716 0.007410 0.000108 0.893884
      280 0.068743 0.003457 0.008083 0.008110 0.015240 0.011999 0.900712
      281 0.069949 0.003613 0.007060 0.006856 0.012623 0.001744 0.910052
      282 0.070622 0.002676 0.006567 0.005728 0.007135 0.000570 0.915544
      283 0.070811 0.003100 0.006625 0.006710 0.007045 0.000290 0.914415
      284 0.075242 0.003380 0.006604 0.006017 0.009354 0.000981 0.908929
      285 0.064303 0.003591 0.007877 0.007124 0.009916 0.000900 0.917882
      286 0.069165 0.003601 0.007561 0.007432 0.010040 0.000807 0.912892
      287 0.075014 0.004150 0.008077 0.008554 0.012658 0.001151 0.904062
      288 0.087788 0.007248 0.012282 0.010609 0.020442 0.007429 0.875048
      289 0.123093 0.011503 0.018585 0.023227 0.030054 0.005146 0.820565
      290 0.125181 0.014220 0.028025 0.029327 0.055737 0.015087 0.783666
      291 0.185046 0.025886 0.042581 0.051200 0.087802 0.061481 0.639147
      293 0.194769 0.049510 0.070407 0.092993 0.097343 0.055517 0.567661
      294 0.212073 0.070740 0.136503 0.268410 0.294079 0.178530 0.170165
      295 0.159372 0.060773 0.124850 0.229177 0.265666 0.196066 0.266270
      296 0.133832 0.035122 0.083066 0.150586 0.230757 0.225886 0.385677
      297 0.132670 0.022855 0.070415 0.131366 0.198653 0.069782 0.548973
      298 0.092332 0.009275 0.022056 0.027088 0.046748 0.005989 0.836987
      299 0.089348 0.008521 0.019906 0.026009 0.041334 0.004447 0.847846
      300 0.082979 0.008231 0.020154 0.020153 0.029566 0.003077 0.866074
      301 0.068607 0.004576 0.011427 0.012083 0.017105 0.001643 0.901974
      302 0.068581 0.003520 0.008268 0.008926 0.013339 0.001365 0.909199
      303 0.070487 0.003900 0.008621 0.009088 0.014770 0.001717 0.905667
      304 0.068460 0.003144 0.007081 0.005759 0.009806 0.001360 0.914579
      305 0.064598 0.002867 0.006647 0.005400 0.007145 0.000641 0.921636
      306 0.071743 0.002529 0.006402 0.004232 0.003623 0.000138 0.917719
      307 0.069747 0.003394 0.006907 0.003907 0.004419 0.000307 0.918590
      308 0.069194 0.002476 0.006837 0.004142 0.004243 0.000344 0.919755
      309 0.071584 0.002585 0.006017 0.004568 0.005922 0.000531 0.916503
      310 0.077049 0.002960 0.005726 0.003634 0.001517 0.000001 0.914306
      311 0.071224 0.002320 0.005360 0.003045 0.003127 0.000205 0.920109
      312 0.066023 0.002765 0.006243 0.003591 0.001714 0.000001 0.925015
      313 0.074914 0.002563 0.005785 0.003487 0.001386 0.000001 0.916820
      314 0.072035 0.002327 0.005448 0.003107 0.003104 0.000194 0.919205
      315 0.066808 0.002714 0.006186 0.003550 0.004426 0.000435 0.922672
      316 0.080067 0.003453 0.008251 0.004878 0.005228 0.000387 0.906290
      317 0.093145 0.003939 0.007471 0.006420 0.009897 0.008781 0.883116
      318 0.098036 0.008375 0.013537 0.013438 0.014865 0.020622 0.855158
      319 0.088959 0.006318 0.015821 0.018444 0.030905 0.017612 0.853205
      321 0.114841 0.009250 0.019764 0.020938 0.023677 0.015764 0.827309
      322 0.074626 0.006886 0.011872 0.018370 0.023892 0.045185 0.854397
      323 0.083089 0.007823 0.011504 0.024493 0.035536 0.074318 0.813603
      324 0.091183 0.009311 0.012314 0.022944 0.018520 0.203592 0.721966
      325 0.088097 0.009131 0.013314 0.022163 0.024878 0.075634 0.813273
      326 0.099562 0.015320 0.021567 0.029793 0.032901 0.102659 0.762926
      327 0.151958 0.024037 0.030572 0.038218 0.050635 0.158875 0.642204
      328 0.100220 0.019027 0.013310 0.051844 0.027153 0.217384 0.671688
      329 0.104659 0.018880 0.016737 0.047597 0.027662 0.173562 0.699639
      330 0.081803 0.006435 0.009298 0.012545 0.012342 0.017372 0.880171
      331 0.072633 0.005353 0.009622 0.014051 0.015828 0.020352 0.884604
      332 0.079118 0.007231 0.010045 0.012544 0.014071 0.030169 0.871588
      333 0.071846 0.005090 0.007819 0.010723 0.013611 0.018726 0.891224
      334 0.067796 0.005198 0.008500 0.009590 0.013435 0.011760 0.900608
      335 0.074114 0.006593 0.010515 0.010260 0.012245 0.015554 0.889740
      336 0.078747 0.008766 0.013116 0.011416 0.013869 0.014628 0.881074
      337 0.099029 0.013016 0.019692 0.015157 0.020702 0.010674 0.850161
      338 0.103155 0.017564 0.026234 0.020156 0.027755 0.002024 0.838019
      339 0.287766 0.314384 0.245179 0.040828 0.007608 0.016135 0.317190
