############################################################
--------------------------Figure 2--------------------------
############################################################


DATA SET #1: Ca-Cb motion for apo GHSR
Detector responses
          0        1        2        3        4        5        6        
       32 0.425824 0.253309 0.194316 0.151836 0.103038 0.116302 0.042034
       33 0.230801 0.233392 0.239513 0.226678 0.182195 0.165577 0.089961
       34 0.136925 0.170278 0.215015 0.267830 0.282330 0.267308 0.077950
       35 0.101197 0.116405 0.196108 0.277433 0.312029 0.246810 0.147971
       36 0.087549 0.092377 0.156116 0.297136 0.359078 0.361879 0.077005
       37 0.080442 0.065698 0.134124 0.258462 0.404588 0.276646 0.172042
       38 0.064982 0.034742 0.085885 0.111964 0.248266 0.084295 0.570773
       39 0.077356 0.022896 0.048876 0.047783 0.092324 0.029796 0.767342
       40 0.063438 0.021514 0.037022 0.031880 0.071886 0.044412 0.802267
       41 0.058857 0.015255 0.031214 0.022577 0.064328 0.020012 0.842868
       42 0.045349 0.010444 0.024401 0.024940 0.072413 0.041157 0.842061
       43 0.045717 0.013091 0.026603 0.024238 0.078772 0.049108 0.829217
       44 0.049557 0.010562 0.025295 0.022600 0.068800 0.044675 0.838277
       46 0.050058 0.009637 0.017224 0.019140 0.053760 0.045748 0.854241
       47 0.042987 0.010493 0.020633 0.024420 0.047502 0.034057 0.867396
       48 0.053200 0.006875 0.015736 0.014329 0.044589 0.025570 0.877117
       49 0.045896 0.009972 0.016984 0.014407 0.030936 0.024377 0.891281
       50 0.047347 0.009249 0.010625 0.017059 0.028942 0.082946 0.851068
       51 0.045799 0.008966 0.011295 0.012303 0.017317 0.040982 0.893173
       52 0.049336 0.005485 0.010717 0.009351 0.018531 0.002956 0.921380
       53 0.041133 0.006976 0.013354 0.010826 0.019413 0.021925 0.911324
       54 0.039027 0.004239 0.006089 0.006993 0.006399 0.008068 0.940253
       55 0.049642 0.006966 0.014400 0.014520 0.013042 0.008230 0.913564
       56 0.050742 0.012077 0.018685 0.017871 0.007509 0.000001 0.914188
       58 0.041041 0.010351 0.018310 0.010437 0.006235 0.011947 0.921617
       59 0.054910 0.004868 0.007848 0.003774 0.000000 0.000001 0.935322
       61 0.036042 0.003019 0.006662 0.004385 0.001963 0.000001 0.953929
       62 0.040706 0.006417 0.009335 0.002453 0.000000 0.000001 0.947844
       63 0.033920 0.003802 0.007060 0.003669 0.000000 0.000001 0.956846
       64 0.026303 0.002831 0.005694 0.003266 0.000084 0.000001 0.966288
       65 0.035071 0.007340 0.009615 0.002552 0.000000 0.000001 0.952707
       66 0.038331 0.007335 0.010443 0.005374 0.002534 0.000001 0.945616
       67 0.031774 0.006072 0.009622 0.013600 0.020161 0.023998 0.919770
       68 0.030694 0.003923 0.007837 0.007989 0.010596 0.000782 0.950277
       69 0.041739 0.007997 0.013333 0.012859 0.007804 0.000001 0.931925
       70 0.047880 0.012510 0.022553 0.021803 0.025549 0.001299 0.899340
       71 0.038740 0.005644 0.011050 0.010509 0.004877 0.000001 0.941194
       72 0.044043 0.009566 0.014764 0.019878 0.019029 0.030737 0.893819
       73 0.085271 0.025485 0.023775 0.028099 0.022865 0.000106 0.851744
       74 0.038433 0.007990 0.012352 0.011818 0.010051 0.000114 0.935018
       75 0.031633 0.007833 0.012112 0.021087 0.021374 0.029794 0.907385
       76 0.054103 0.020561 0.037307 0.028994 0.020518 0.019972 0.863688
       77 0.044994 0.008733 0.014225 0.011197 0.012908 0.000868 0.924721
       78 0.039495 0.011096 0.012403 0.012251 0.007852 0.017560 0.920200
       79 0.035034 0.006599 0.010005 0.007941 0.004683 0.000001 0.946651
       80 0.030239 0.003668 0.005202 0.005438 0.004717 0.000053 0.957791
       81 0.024722 0.002562 0.003450 0.004646 0.002327 0.006590 0.962407
       82 0.034693 0.003905 0.007502 0.004434 0.000671 0.000001 0.955038
       83 0.039513 0.005226 0.010198 0.008867 0.000892 0.000001 0.944815
       84 0.036199 0.002174 0.005101 0.002560 0.000000 0.000001 0.957672
       85 0.037365 0.007054 0.008808 0.006429 0.000849 0.000001 0.948276
       86 0.036088 0.000769 0.003058 0.001333 0.000000 0.000001 0.960993
       87 0.032975 0.001624 0.003863 0.001946 0.000000 0.000001 0.962636
       88 0.030385 0.005479 0.008526 0.002735 0.000000 0.000001 0.959191
       89 0.031415 0.002713 0.004713 0.003529 0.000772 0.000001 0.961293
       90 0.034512 0.003696 0.005451 0.003120 0.000000 0.000001 0.958302
       91 0.034487 0.003149 0.006652 0.002175 0.000000 0.000001 0.958600
       92 0.035341 0.005218 0.007931 0.012813 0.011921 0.000189 0.940768
       93 0.028627 0.001655 0.004708 0.001957 0.000000 0.000001 0.966765
       94 0.043319 0.008791 0.008253 0.004020 0.002032 0.000001 0.942264
       95 0.066174 0.010653 0.013228 0.008142 0.006404 0.000037 0.909703
       96 0.031236 0.003189 0.005916 0.004370 0.000333 0.000001 0.960162
       97 0.058599 0.004283 0.006752 0.005237 0.008543 0.000911 0.925887
       98 0.037409 0.003918 0.006611 0.005380 0.010065 0.001390 0.945513
       99 0.029879 0.002487 0.005751 0.005806 0.002915 0.000001 0.959495
      100 0.036620 0.004727 0.008355 0.007397 0.014221 0.006624 0.936691
      101 0.042065 0.007961 0.014344 0.014797 0.016314 0.000675 0.924314
      102 0.033371 0.006244 0.017187 0.025097 0.026826 0.012691 0.909677
      103 0.039272 0.004791 0.009085 0.010707 0.016535 0.001584 0.933949
      104 0.046384 0.008869 0.027220 0.022800 0.063318 0.022789 0.860090
      105 0.052738 0.029999 0.054537 0.047678 0.074324 0.071744 0.764772
      106 0.045612 0.016261 0.016300 0.042764 0.027271 0.367697 0.621569
      107 0.036611 0.014218 0.021353 0.029832 0.031773 0.170994 0.778575
      108 0.052384 0.011525 0.013102 0.024497 0.017941 0.156871 0.792112
      109 0.045502 0.008836 0.016791 0.013284 0.030202 0.018477 0.897744
      110 0.075229 0.044967 0.076886 0.048431 0.077942 0.045275 0.735768
      111 0.045633 0.012566 0.024110 0.014461 0.063924 0.027194 0.862623
      113 0.060750 0.024067 0.045190 0.036198 0.030532 0.011148 0.845464
      114 0.046425 0.010635 0.014515 0.011504 0.021149 0.016554 0.905460
      115 0.037070 0.005148 0.008262 0.006312 0.007564 0.000409 0.945788
      116 0.029577 0.003643 0.006944 0.007466 0.012253 0.001343 0.950602
      117 0.026994 0.004665 0.010444 0.007146 0.006889 0.000300 0.954709
      118 0.040039 0.006710 0.008636 0.005284 0.009566 0.001166 0.941104
      119 0.039516 0.002591 0.004572 0.003805 0.004122 0.000173 0.950997
      120 0.044293 0.003900 0.006424 0.004461 0.004327 0.000125 0.943698
      121 0.038164 0.002488 0.004582 0.004191 0.007920 0.001131 0.949943
      122 0.038305 0.003269 0.005004 0.005738 0.011371 0.001578 0.944896
      123 0.041651 0.002840 0.007248 0.016401 0.011167 0.002177 0.932930
      124 0.042790 0.006437 0.009739 0.007120 0.006868 0.000170 0.938251
      125 0.032971 0.002667 0.003838 0.013943 0.024850 0.018798 0.924954
      126 0.035773 0.002576 0.003358 0.004994 0.004953 0.003805 0.951512
      127 0.042334 0.010031 0.010074 0.008482 0.007929 0.005088 0.931058
      128 0.033714 0.004225 0.006689 0.008201 0.008425 0.000234 0.948935
      129 0.046107 0.002775 0.004124 0.005540 0.004650 0.005187 0.939440
      130 0.036756 0.005420 0.005531 0.004673 0.000910 0.000001 0.953012
      131 0.036857 0.008135 0.014027 0.010995 0.009608 0.000169 0.936259
      132 0.035615 0.002906 0.003869 0.004310 0.002304 0.006609 0.951228
      133 0.031336 0.003561 0.008011 0.007429 0.004661 0.011630 0.945480
      134 0.039534 0.014178 0.009743 0.006555 0.001960 0.013889 0.929967
      135 0.030634 0.002632 0.004291 0.004662 0.004230 0.005249 0.955643
      136 0.039801 0.002833 0.003415 0.003811 0.001557 0.012222 0.944020
      137 0.034386 0.003507 0.004412 0.004688 0.004236 0.009398 0.948312
      138 0.031877 0.002268 0.004995 0.004996 0.007920 0.001911 0.954025
      139 0.035888 0.005896 0.010138 0.007625 0.014834 0.015878 0.928610
      140 0.034379 0.004384 0.010331 0.008217 0.018252 0.017921 0.926893
      141 0.030967 0.004282 0.008768 0.009892 0.016922 0.014577 0.933429
      142 0.035930 0.004964 0.010016 0.010125 0.017843 0.014072 0.926947
      143 0.047042 0.015708 0.025421 0.022114 0.024476 0.049359 0.862329
      144 0.057379 0.007852 0.015428 0.014945 0.028626 0.038582 0.872699
      145 0.044137 0.021468 0.033082 0.036204 0.024548 0.098861 0.810894
      146 0.072720 0.026501 0.034899 0.042511 0.036093 0.159661 0.723508
      147 0.076765 0.035016 0.047975 0.074352 0.098547 0.136947 0.661748
      148 0.137897 0.055555 0.081020 0.140075 0.212384 0.367314 0.285197
      149 0.120056 0.070229 0.097612 0.184916 0.253818 0.459925 0.161108
      150 0.051656 0.045952 0.066317 0.179719 0.236476 0.733970 0.078978
      151 0.152621 0.066975 0.096851 0.154323 0.147175 0.372971 0.278900
      152 0.083024 0.090143 0.119965 0.198841 0.190265 0.528566 0.149439
      153 0.105112 0.088837 0.111734 0.208109 0.203566 0.514878 0.130312
      154 0.099118 0.091089 0.108437 0.213786 0.196116 0.589827 0.083167
      155 0.101472 0.076662 0.109326 0.184169 0.183880 0.344708 0.295491
      156 0.068296 0.060326 0.070751 0.211901 0.275662 0.580753 0.117508
      157 0.048955 0.040889 0.061176 0.141018 0.174943 0.395451 0.397923
      159 0.038971 0.019944 0.033080 0.038863 0.112466 0.279496 0.629242
      160 0.037302 0.007859 0.015388 0.018073 0.017571 0.000465 0.925594
      161 0.030279 0.008934 0.014760 0.015136 0.008197 0.000001 0.940261
      162 0.039320 0.008616 0.012069 0.009978 0.003142 0.000001 0.939614
      163 0.040853 0.007496 0.011435 0.008598 0.004863 0.000001 0.938859
      164 0.028959 0.004720 0.007768 0.005709 0.000706 0.000001 0.959278
      165 0.040456 0.007154 0.010772 0.010301 0.004265 0.000001 0.939251
      166 0.044187 0.005310 0.007628 0.007132 0.002508 0.000001 0.941733
      167 0.031358 0.002566 0.005347 0.002858 0.000189 0.000001 0.961802
      168 0.028921 0.002420 0.003927 0.005009 0.005212 0.000172 0.960498
      169 0.042637 0.002467 0.003049 0.003878 0.002082 0.001533 0.949059
      170 0.042723 0.006247 0.006890 0.008395 0.005991 0.006376 0.935155
      171 0.038990 0.001663 0.004409 0.002638 0.003243 0.000361 0.953594
      172 0.035180 0.004561 0.007150 0.008081 0.008186 0.009207 0.940596
      173 0.045648 0.005502 0.005472 0.004328 0.002215 0.004410 0.940226
      174 0.045807 0.004461 0.009346 0.010677 0.013615 0.000900 0.930275
      175 0.059178 0.004482 0.006715 0.007852 0.008803 0.000330 0.923276
      177 0.065381 0.009802 0.013442 0.017917 0.016341 0.005094 0.894684
      178 0.042965 0.010511 0.022555 0.018843 0.012974 0.000063 0.916270
      179 0.039445 0.006348 0.012601 0.013068 0.011722 0.004483 0.929672
      180 0.046737 0.016333 0.026783 0.011915 0.007185 0.000008 0.914310
      181 0.053927 0.015540 0.047277 0.040530 0.033448 0.008825 0.852781
      182 0.050851 0.009145 0.023529 0.026271 0.017010 0.016647 0.888686
      184 0.053253 0.016945 0.036146 0.043136 0.039133 0.013110 0.851587
      185 0.075854 0.062232 0.111838 0.187612 0.158752 0.102159 0.519871
      186 0.142984 0.112575 0.196162 0.358582 0.359401 0.100687 0.133118
      187 0.175734 0.154957 0.259522 0.376638 0.321699 0.074342 0.065728
      188 0.233428 0.199496 0.282020 0.331138 0.291155 0.076134 0.010913
      190 0.252391 0.152233 0.232104 0.269174 0.283998 0.061090 0.109565
      191 0.206687 0.133873 0.243927 0.353724 0.424909 0.073007 0.007470
      192 0.191001 0.117850 0.223574 0.302455 0.296864 0.053958 0.171822
      193 0.112546 0.106629 0.252886 0.389255 0.439985 0.095764 0.063894
      194 0.140530 0.116248 0.222286 0.318889 0.377412 0.129274 0.109480
      195 0.093228 0.095459 0.201202 0.273394 0.270059 0.103318 0.299299
      196 0.077241 0.050623 0.111098 0.159533 0.257871 0.141035 0.454160
      197 0.045078 0.013892 0.023680 0.028149 0.045541 0.051533 0.847573
      198 0.039030 0.006267 0.012722 0.014350 0.017550 0.017038 0.916661
      199 0.047383 0.022886 0.040448 0.050668 0.035558 0.051950 0.819965
      200 0.062740 0.016580 0.023824 0.026472 0.017960 0.085442 0.822005
      201 0.087520 0.054879 0.076176 0.134401 0.139069 0.371439 0.384909
      202 0.105115 0.065275 0.075826 0.133491 0.072273 0.524172 0.287360
      203 0.098240 0.084655 0.103686 0.180550 0.131530 0.530997 0.193523
      204 0.107567 0.052243 0.088522 0.144811 0.134132 0.275613 0.425763
      205 0.057857 0.048531 0.087083 0.140243 0.184228 0.749530 0.100433
      206 0.087631 0.065299 0.079973 0.134153 0.067746 0.345183 0.438114
      207 0.063844 0.040301 0.063976 0.091051 0.152969 0.790968 0.134099
      209 0.059649 0.027981 0.042209 0.065533 0.094559 0.283931 0.588278
      210 0.048432 0.018158 0.030214 0.037620 0.078768 0.435415 0.529055
      211 0.059725 0.029823 0.033467 0.059133 0.103629 0.528097 0.410520
      212 0.049515 0.023827 0.025462 0.058000 0.094957 0.604999 0.379390
      213 0.047664 0.013741 0.028465 0.029654 0.100786 0.105975 0.767049
      214 0.046242 0.016432 0.021785 0.051586 0.087075 0.583622 0.413868
      215 0.040435 0.017278 0.026086 0.051488 0.108546 0.513663 0.454941
      216 0.048376 0.019070 0.026878 0.059151 0.091875 0.506990 0.456237
      217 0.041851 0.012408 0.029512 0.034185 0.093611 0.208768 0.700087
      218 0.044255 0.019041 0.023899 0.054199 0.100166 0.525315 0.447059
      219 0.045540 0.021479 0.029586 0.059004 0.090350 0.440502 0.505734
      220 0.047126 0.013598 0.018124 0.047051 0.069548 0.206203 0.709687
      221 0.044753 0.015220 0.019078 0.077317 0.101359 0.285471 0.612942
      222 0.051070 0.022631 0.032374 0.064131 0.043711 0.253218 0.661715
      223 0.052166 0.016382 0.019935 0.033020 0.050377 0.176249 0.744479
      224 0.056555 0.008395 0.014511 0.018167 0.032295 0.065230 0.850468
      225 0.045688 0.012274 0.019406 0.021704 0.032426 0.099195 0.828676
      226 0.050075 0.010315 0.013558 0.018820 0.015077 0.090828 0.847985
      227 0.046017 0.008612 0.017673 0.021377 0.043223 0.077090 0.841436
      228 0.037532 0.007893 0.018387 0.022719 0.025802 0.017295 0.902483
      229 0.040615 0.010098 0.014816 0.020395 0.017320 0.059663 0.876793
      230 0.044843 0.009369 0.015678 0.017320 0.020169 0.046039 0.882762
      231 0.037931 0.008493 0.015650 0.015758 0.018024 0.043938 0.893871
      232 0.034880 0.007303 0.011911 0.019208 0.027112 0.073378 0.870705
      233 0.040229 0.008576 0.013007 0.017200 0.018888 0.041238 0.893337
      234 0.043344 0.010965 0.019073 0.017705 0.026471 0.039540 0.881710
      235 0.034223 0.012359 0.018055 0.038122 0.051530 0.318177 0.658055
      237 0.040632 0.015087 0.025944 0.038640 0.141868 0.462644 0.482872
      238 0.038875 0.016579 0.025654 0.037209 0.054237 0.147892 0.769396
      239 0.047940 0.018399 0.029128 0.039800 0.154044 0.433820 0.484458
      240 0.048706 0.015328 0.052839 0.049510 0.190733 0.214014 0.601940
      241 0.040691 0.012297 0.040198 0.039704 0.191399 0.267579 0.587015
      242 0.046548 0.030633 0.044663 0.128425 0.186287 0.474323 0.360831
      243 0.053824 0.046712 0.064205 0.147797 0.295950 0.667926 0.110290
      244 0.069032 0.047737 0.106506 0.166253 0.287352 0.456834 0.214047
      246 0.254854 0.172985 0.224057 0.227880 0.144624 0.268626 0.057604
      247 0.343055 0.192215 0.242679 0.231678 0.164662 0.125565 0.035647
      248 0.315563 0.213689 0.276953 0.237385 0.166532 0.095520 0.047410
      249 0.307144 0.209904 0.279332 0.255883 0.160575 0.106680 0.038583
      251 0.277904 0.159486 0.238748 0.223053 0.149451 0.158200 0.113560
      252 0.136515 0.097472 0.158536 0.168196 0.152615 0.272908 0.298289
      253 0.095041 0.042998 0.059578 0.090550 0.078210 0.421400 0.424292
      254 0.046262 0.023028 0.032493 0.060707 0.013955 0.538695 0.474350
      255 0.047847 0.020225 0.020654 0.036253 0.005529 0.473242 0.553908
      256 0.046368 0.016027 0.020326 0.031391 0.020611 0.210616 0.745592
      257 0.045006 0.018507 0.010319 0.020490 0.007677 0.556394 0.511104
      258 0.033169 0.017112 0.011122 0.022430 0.010771 0.594054 0.490993
      259 0.035978 0.015724 0.016128 0.023794 0.005137 0.300657 0.707196
      260 0.039067 0.013299 0.014538 0.020968 0.001971 0.374216 0.658540
      261 0.035930 0.020152 0.007514 0.015454 0.004656 0.521584 0.552371
      262 0.042422 0.019793 0.013813 0.022249 0.003909 0.502315 0.552126
      263 0.035177 0.012076 0.014521 0.018017 0.018949 0.163236 0.807108
      264 0.044594 0.014232 0.013728 0.024800 0.004857 0.456613 0.585708
      265 0.035174 0.014155 0.003501 0.008800 0.002080 0.469977 0.604754
      266 0.045723 0.006703 0.009699 0.014743 0.012266 0.188321 0.790821
      267 0.046171 0.014785 0.018298 0.022326 0.002668 0.285499 0.710180
      268 0.043357 0.012798 0.011653 0.012770 0.000650 0.352567 0.678672
      269 0.045212 0.013394 0.016321 0.018178 0.001128 0.238102 0.752494
      270 0.047753 0.010556 0.016378 0.017127 0.014882 0.134887 0.817821
      271 0.047887 0.010458 0.008987 0.012394 0.001061 0.364398 0.668689
      272 0.041730 0.010780 0.013257 0.019138 0.001784 0.334596 0.689396
      273 0.046577 0.013670 0.020248 0.014289 0.016686 0.133000 0.815969
      274 0.048739 0.015401 0.019164 0.021002 0.003926 0.275570 0.713531
      275 0.049148 0.013098 0.017201 0.015319 0.003241 0.333924 0.676758
      276 0.041627 0.008786 0.013539 0.013619 0.021883 0.171324 0.797652
      277 0.047363 0.010366 0.013641 0.010861 0.029307 0.137782 0.812933
      278 0.047068 0.006331 0.010633 0.013073 0.032917 0.193744 0.773076
      279 0.040210 0.008581 0.013309 0.024088 0.031393 0.231826 0.743418
      280 0.046206 0.009099 0.018282 0.023742 0.041665 0.056605 0.854485
      281 0.046561 0.010869 0.015745 0.019848 0.035967 0.176003 0.774175
      283 0.037971 0.012867 0.019238 0.035957 0.049215 0.131339 0.792952
      284 0.041559 0.010265 0.016757 0.024092 0.046838 0.100123 0.824281
      285 0.041991 0.013329 0.023887 0.029624 0.048132 0.127238 0.792845
      286 0.046068 0.015277 0.037135 0.049356 0.100238 0.151093 0.716595
      287 0.065226 0.031408 0.049581 0.090679 0.084093 0.285742 0.564797
      288 0.060870 0.046916 0.065404 0.115060 0.139039 0.428216 0.393795
      289 0.099270 0.048305 0.085301 0.129418 0.227828 0.237497 0.418865
      290 0.085380 0.068606 0.092251 0.152882 0.154631 0.492876 0.255971
      291 0.118386 0.078042 0.107562 0.130146 0.184607 0.391179 0.278675
      292 0.145772 0.069580 0.095707 0.144554 0.148015 0.265845 0.370249
      294 0.141342 0.118179 0.225421 0.231806 0.209476 0.208201 0.206513
      295 0.107517 0.085889 0.119912 0.163174 0.126661 0.356395 0.316671
      296 0.099370 0.063620 0.084726 0.120005 0.078871 0.306092 0.455624
      297 0.054783 0.043442 0.057519 0.080584 0.020066 0.572590 0.392562
      298 0.063397 0.021530 0.037228 0.053915 0.040204 0.186874 0.704094
      299 0.045898 0.022964 0.027748 0.041491 0.011869 0.318642 0.656389
      300 0.042521 0.022003 0.028022 0.027443 0.001041 0.310447 0.683594
      301 0.038751 0.013233 0.015092 0.027746 0.005600 0.270810 0.726484
      302 0.038092 0.014047 0.021992 0.030784 0.024659 0.094992 0.835136
      303 0.033863 0.014500 0.016644 0.025814 0.005085 0.324420 0.691852
      304 0.039052 0.008547 0.010097 0.014675 0.001380 0.280404 0.738517
      305 0.035598 0.006877 0.012149 0.015757 0.013351 0.104778 0.858501
      306 0.038588 0.006667 0.009542 0.013326 0.011201 0.154123 0.824460
      307 0.045526 0.010684 0.012387 0.011974 0.008916 0.211656 0.774085
      308 0.039214 0.006886 0.012318 0.012964 0.009180 0.154864 0.823274
      309 0.037175 0.003152 0.006160 0.006999 0.010790 0.015592 0.934706
      310 0.043484 0.009556 0.010378 0.013004 0.002455 0.164621 0.815646
      311 0.040775 0.006390 0.007350 0.009489 0.001885 0.132514 0.848689
      312 0.037610 0.003794 0.008006 0.007278 0.015063 0.015178 0.929904
      313 0.029888 0.002641 0.004842 0.007395 0.009780 0.018536 0.941356
      314 0.038920 0.005286 0.005548 0.007024 0.002520 0.062630 0.903714
      315 0.040510 0.006232 0.010921 0.012549 0.005301 0.069684 0.887515
      316 0.050201 0.003364 0.006360 0.005369 0.005877 0.000268 0.936614
      317 0.059238 0.003763 0.005400 0.006786 0.005227 0.041864 0.897573
      318 0.055595 0.016770 0.038999 0.035475 0.031671 0.005519 0.862453
      319 0.039862 0.009946 0.016618 0.021395 0.035425 0.079113 0.850588
      320 0.049375 0.007283 0.011732 0.019786 0.034390 0.068587 0.854919
      321 0.039895 0.009214 0.014395 0.011060 0.016447 0.007796 0.922369
      322 0.042858 0.010009 0.016058 0.019749 0.032458 0.052675 0.869774
      323 0.036681 0.008295 0.014028 0.026769 0.037404 0.095287 0.840552
      324 0.038025 0.008754 0.012974 0.021992 0.031153 0.063764 0.868708
      325 0.043146 0.013582 0.028799 0.025531 0.020375 0.000278 0.901326
      326 0.063205 0.026107 0.030649 0.036918 0.048041 0.056295 0.806871
      327 0.050051 0.011385 0.015803 0.040447 0.057380 0.117247 0.785793
      328 0.056056 0.019782 0.029642 0.033876 0.037099 0.027175 0.848373
      329 0.043215 0.020263 0.028321 0.027362 0.050208 0.066210 0.829427
      330 0.037486 0.004715 0.009185 0.009269 0.005172 0.000001 0.944746
      331 0.033685 0.008839 0.019425 0.024046 0.014969 0.000001 0.924043
      332 0.050661 0.012749 0.015333 0.012297 0.006801 0.000001 0.919789
      333 0.042555 0.005397 0.011694 0.011462 0.006836 0.000001 0.935231
      334 0.039969 0.006763 0.010745 0.010571 0.002860 0.000001 0.940779
      335 0.048189 0.009097 0.014520 0.011331 0.004636 0.000001 0.927094
      336 0.048730 0.010870 0.018553 0.016743 0.011017 0.000005 0.915378
      337 0.059031 0.020164 0.027909 0.020504 0.010745 0.000001 0.891316
      338 0.108730 0.096542 0.115396 0.055992 0.021713 0.000001 0.710418

DATA SET #2: Ca-Cb motion for ghrelin-bound GHSR
Detector responses
          0        1        2        3        4        5        6        
        2 0.066340 0.031694 0.033276 0.127242 0.147068 0.549472 0.316659
        3 0.053310 0.031813 0.042828 0.063075 0.123956 0.239157 0.607584
        4 0.039583 0.010221 0.012560 0.025398 0.019730 0.417495 0.612255
        5 0.044066 0.013334 0.019578 0.023731 0.074468 0.308031 0.650333
        6 0.069516 0.024168 0.034673 0.044302 0.091925 0.356212 0.548590
        7 0.074207 0.021197 0.034847 0.046714 0.124176 0.322969 0.547592
        8 0.071687 0.037835 0.044288 0.082208 0.134568 0.320219 0.506169
        9 0.052327 0.023048 0.043691 0.061121 0.146144 0.282485 0.569495
       10 0.055220 0.027426 0.041933 0.079996 0.181279 0.451340 0.407323
       11 0.050702 0.027721 0.057225 0.087589 0.203662 0.275518 0.511548
       12 0.069799 0.046623 0.075058 0.119046 0.175922 0.307915 0.442447
       13 0.087412 0.061101 0.092643 0.127926 0.172598 0.224643 0.460937
       14 0.119521 0.092776 0.138736 0.204018 0.208339 0.204571 0.323497
       15 0.127629 0.098971 0.160250 0.277210 0.306387 0.248797 0.157540
       32 0.579289 0.263326 0.177280 0.089809 0.058090 0.032443 0.022801
       33 0.309058 0.283928 0.265561 0.186334 0.139610 0.088072 0.073587
       34 0.162363 0.191351 0.253392 0.247082 0.202129 0.188306 0.133966
       35 0.101017 0.109853 0.188068 0.200963 0.258221 0.224088 0.257118
       36 0.098591 0.075840 0.138720 0.190575 0.285088 0.230606 0.297116
       37 0.091470 0.055252 0.074219 0.112679 0.157891 0.221844 0.494265
       38 0.055685 0.018090 0.042430 0.035211 0.108417 0.032261 0.793535
       39 0.077869 0.019650 0.027833 0.031902 0.040575 0.033767 0.822162
       40 0.060680 0.016296 0.019484 0.017344 0.017389 0.022535 0.878592
       41 0.057121 0.012194 0.016231 0.014432 0.016825 0.005751 0.901197
       42 0.042939 0.007962 0.013151 0.010420 0.011402 0.000475 0.930066
       43 0.046201 0.010148 0.017383 0.017789 0.013329 0.006006 0.912427
       44 0.046032 0.006440 0.011983 0.009912 0.012704 0.000886 0.928223
       46 0.042192 0.005136 0.009508 0.008660 0.005242 0.000001 0.939902
       47 0.035581 0.005603 0.011046 0.009290 0.010120 0.000472 0.941753
       48 0.050502 0.005036 0.008885 0.006775 0.009444 0.000788 0.930615
       49 0.043365 0.008275 0.012585 0.007143 0.004888 0.000013 0.936018
       50 0.051861 0.009427 0.013419 0.006640 0.006344 0.000169 0.925656
       51 0.047091 0.006706 0.009378 0.004905 0.000882 0.000001 0.939294
       52 0.048995 0.005585 0.009015 0.004755 0.006555 0.000566 0.934784
       53 0.039533 0.006985 0.010903 0.004564 0.001367 0.000001 0.945620
       54 0.043386 0.006573 0.010254 0.005145 0.004092 0.000052 0.940269
       55 0.049219 0.009600 0.018685 0.010799 0.001603 0.000001 0.925473
       56 0.055829 0.018767 0.028618 0.022642 0.007975 0.000001 0.895522
       58 0.044295 0.011072 0.016950 0.011018 0.006086 0.000001 0.927455
       59 0.052709 0.005469 0.009887 0.004287 0.002619 0.000009 0.933349
       61 0.036580 0.005145 0.010794 0.010674 0.017297 0.015290 0.924876
       62 0.042633 0.009081 0.012876 0.008575 0.005933 0.000010 0.934498
       63 0.038133 0.006651 0.011845 0.009015 0.012535 0.001048 0.936778
       64 0.031324 0.004182 0.009107 0.008930 0.016564 0.005047 0.940607
       65 0.040562 0.011189 0.014751 0.008927 0.019505 0.009168 0.918747
       66 0.039813 0.008348 0.012683 0.010048 0.011095 0.000442 0.933666
       67 0.037763 0.008049 0.017624 0.018728 0.066048 0.057454 0.851606
       68 0.035801 0.008369 0.009621 0.017384 0.007304 0.165005 0.818129
       69 0.046231 0.012272 0.016457 0.022005 0.021393 0.149797 0.800050
       70 0.046635 0.013729 0.024960 0.024425 0.054413 0.081128 0.820919
       71 0.039126 0.010086 0.010807 0.017571 0.002028 0.453684 0.605077
       72 0.046715 0.016165 0.024431 0.038862 0.057291 0.357569 0.605842
       73 0.077800 0.027956 0.023227 0.030597 0.013023 0.349951 0.607394
       74 0.041688 0.016965 0.019328 0.020838 0.008575 0.184752 0.783631
       75 0.034314 0.016275 0.016938 0.033139 0.011335 0.493225 0.555081
       76 0.043989 0.017421 0.021336 0.029782 0.010519 0.359451 0.644821
       77 0.041510 0.010978 0.018111 0.019976 0.020954 0.154718 0.802447
       78 0.038794 0.008837 0.011278 0.021228 0.017004 0.128066 0.831586
       79 0.035273 0.008793 0.009542 0.014172 0.001726 0.142874 0.840576
       80 0.033894 0.007316 0.008839 0.010121 0.004121 0.032949 0.923092
       81 0.027278 0.003441 0.005376 0.006312 0.006460 0.022086 0.943461
       82 0.032961 0.005270 0.006209 0.008871 0.005848 0.044981 0.918240
       83 0.040670 0.007261 0.013469 0.012114 0.011448 0.017686 0.918595
       84 0.038402 0.004049 0.007153 0.005560 0.007898 0.000680 0.946152
       85 0.041116 0.012910 0.012393 0.007881 0.010122 0.009969 0.924458
       86 0.039468 0.003069 0.005675 0.005486 0.008612 0.000882 0.946257
       87 0.037221 0.004624 0.007370 0.005400 0.007412 0.000567 0.946791
       88 0.032409 0.008910 0.015777 0.015984 0.011559 0.028492 0.913388
       89 0.033787 0.004463 0.008939 0.011020 0.013659 0.016343 0.930479
       90 0.035279 0.004904 0.007764 0.005310 0.008036 0.000767 0.948448
       91 0.034312 0.004671 0.007291 0.005567 0.008012 0.001168 0.948781
       92 0.033178 0.006967 0.012752 0.009316 0.006832 0.000047 0.944300
       93 0.030595 0.003192 0.007161 0.003540 0.003432 0.000215 0.958558
       94 0.048444 0.014520 0.018728 0.008549 0.010280 0.000543 0.918882
       95 0.059949 0.012042 0.014321 0.009300 0.000750 0.000001 0.917457
       96 0.036199 0.008139 0.010459 0.006990 0.006140 0.004530 0.940442
       97 0.064431 0.007249 0.009682 0.008406 0.012104 0.003743 0.909353
       98 0.043263 0.007577 0.009769 0.010350 0.007762 0.008005 0.928603
       99 0.034297 0.009141 0.013501 0.022761 0.017035 0.050331 0.889866
      100 0.037847 0.010982 0.013192 0.017226 0.014632 0.092849 0.859632
      101 0.045136 0.011300 0.023776 0.031155 0.035447 0.035853 0.864751
      102 0.031413 0.006279 0.021902 0.045836 0.049670 0.070268 0.839671
      103 0.043972 0.011427 0.009572 0.024423 0.007893 0.196144 0.781041
      104 0.041737 0.013530 0.018742 0.033622 0.040357 0.145955 0.785649
      105 0.057230 0.030269 0.048117 0.067887 0.106961 0.171557 0.658747
      106 0.054130 0.029768 0.039904 0.110576 0.225280 0.613129 0.241766
      107 0.045858 0.024822 0.042174 0.072995 0.175572 0.485507 0.400455
      108 0.073972 0.022361 0.030057 0.045453 0.074967 0.210504 0.664185
      109 0.042327 0.012363 0.020828 0.029018 0.064405 0.168189 0.755903
      110 0.069042 0.048973 0.076265 0.089893 0.091471 0.352766 0.479435
      111 0.050675 0.015699 0.037572 0.026868 0.094042 0.034896 0.814634
      113 0.059742 0.023351 0.039805 0.024858 0.038007 0.008461 0.854805
      114 0.048295 0.013375 0.018378 0.010403 0.016060 0.002051 0.913674
      115 0.040326 0.010549 0.014668 0.009949 0.013772 0.002428 0.927175
      116 0.030706 0.004348 0.008944 0.006139 0.014803 0.006015 0.943440
      117 0.029023 0.005584 0.012955 0.006670 0.007910 0.000791 0.950332
      118 0.041028 0.007794 0.011103 0.005807 0.006584 0.000308 0.939334
      119 0.049827 0.006696 0.012069 0.009075 0.016880 0.006532 0.917378
      120 0.041672 0.006122 0.011231 0.007999 0.009657 0.000610 0.936354
      121 0.037520 0.002945 0.006537 0.003438 0.004577 0.000522 0.951609
      122 0.038383 0.003325 0.005942 0.003792 0.005898 0.000655 0.949796
      123 0.042629 0.004394 0.010250 0.011466 0.004860 0.000001 0.938011
      124 0.033507 0.003967 0.007143 0.005762 0.006762 0.000371 0.951648
      125 0.032962 0.002626 0.006568 0.008680 0.029971 0.015048 0.926188
      126 0.037782 0.003488 0.005322 0.008216 0.010540 0.010652 0.937106
      127 0.037669 0.006559 0.009989 0.008697 0.010362 0.001432 0.938873
      128 0.035708 0.004794 0.010328 0.010286 0.018313 0.016512 0.925017
      129 0.044658 0.003022 0.005839 0.006494 0.013349 0.015627 0.926165
      130 0.036103 0.005769 0.008798 0.007919 0.005715 0.000015 0.946186
      131 0.044209 0.010011 0.012851 0.009161 0.011857 0.006156 0.923762
      132 0.038503 0.003800 0.006759 0.004937 0.007850 0.000866 0.946921
      133 0.032246 0.004665 0.011571 0.013061 0.013448 0.004767 0.937258
      134 0.032164 0.006677 0.014541 0.015927 0.018092 0.000920 0.932839
      135 0.033376 0.003349 0.006569 0.006747 0.008795 0.003835 0.947837
      136 0.040676 0.003012 0.005730 0.005018 0.008546 0.004847 0.941795
      137 0.034669 0.006171 0.007211 0.006670 0.009609 0.005022 0.943064
      138 0.036389 0.004041 0.009323 0.009346 0.009967 0.000460 0.943062
      139 0.033979 0.010986 0.012147 0.005975 0.010040 0.007385 0.936235
      140 0.034335 0.005883 0.009003 0.010054 0.013778 0.013309 0.931730
      141 0.031470 0.004473 0.008331 0.007208 0.017531 0.012161 0.936159
      142 0.033398 0.005062 0.010163 0.009315 0.017281 0.004752 0.936839
      143 0.041896 0.010341 0.018350 0.017961 0.020750 0.021573 0.900286
      144 0.054253 0.007344 0.012606 0.013077 0.020107 0.021263 0.896918
      145 0.045426 0.017882 0.028734 0.036467 0.047774 0.048780 0.836494
      146 0.064053 0.021177 0.030228 0.048885 0.046146 0.198445 0.700136
      147 0.073185 0.036675 0.064650 0.119365 0.167393 0.216708 0.523572
      148 0.126996 0.049739 0.084618 0.115183 0.175527 0.433112 0.288179
      149 0.122626 0.065673 0.118188 0.188840 0.298002 0.314453 0.224717
      150 0.063673 0.040263 0.070849 0.167886 0.267758 0.474979 0.244874
      151 0.136105 0.050658 0.087317 0.135104 0.214819 0.450964 0.225381
      152 0.087852 0.068658 0.108422 0.179503 0.228059 0.369773 0.272554
      153 0.113836 0.094518 0.150223 0.195922 0.257231 0.405193 0.149599
      154 0.116318 0.087116 0.162984 0.189204 0.268337 0.318481 0.203626
      155 0.099952 0.085240 0.142706 0.168022 0.180308 0.306737 0.310281
      156 0.078527 0.052774 0.097237 0.135127 0.216342 0.328122 0.366071
      157 0.055407 0.037855 0.076539 0.106646 0.200881 0.181993 0.545898
      159 0.039910 0.018662 0.030145 0.038111 0.120800 0.314964 0.599732
      160 0.043082 0.011195 0.023676 0.020418 0.055231 0.181298 0.755833
      161 0.035403 0.018822 0.026371 0.030259 0.021307 0.059598 0.860392
      162 0.044616 0.012518 0.017860 0.017875 0.012882 0.022447 0.900596
      163 0.040223 0.007952 0.013278 0.011310 0.015047 0.009552 0.922988
      164 0.032910 0.007736 0.011400 0.010511 0.008837 0.005439 0.938945
      165 0.042894 0.009497 0.014779 0.014370 0.011181 0.013578 0.915787
      166 0.046883 0.006680 0.011065 0.007231 0.008000 0.000372 0.932404
      167 0.033096 0.003685 0.006506 0.005133 0.007735 0.011142 0.944483
      168 0.030999 0.003331 0.006822 0.006086 0.011305 0.001684 0.950435
      169 0.044436 0.002855 0.006014 0.003080 0.002591 0.000089 0.946446
      170 0.043157 0.006775 0.011564 0.010010 0.010554 0.000385 0.932371
      171 0.041070 0.002805 0.005143 0.004867 0.004968 0.000165 0.947741
      172 0.036075 0.005049 0.009187 0.007238 0.008719 0.000523 0.944965
      173 0.045150 0.006215 0.008466 0.003142 0.000203 0.000001 0.943603
      174 0.044483 0.005906 0.012877 0.009729 0.008580 0.000238 0.932200
      175 0.059774 0.005423 0.011694 0.015227 0.019927 0.001370 0.906449
      177 0.070418 0.014109 0.028695 0.043276 0.042551 0.001087 0.847633
      178 0.042488 0.011128 0.021640 0.023791 0.014716 0.000001 0.912764
      179 0.042139 0.008650 0.016574 0.020973 0.014292 0.000016 0.919832
      180 0.051541 0.023600 0.051143 0.024763 0.011786 0.000001 0.878776
      181 0.044593 0.010269 0.016653 0.026482 0.036550 0.072422 0.846150
      182 0.044642 0.008866 0.018750 0.026764 0.026638 0.022712 0.887824
      184 0.048495 0.011659 0.022794 0.031554 0.042026 0.044420 0.851398
      185 0.060307 0.039156 0.056956 0.111027 0.109884 0.370302 0.468363
      186 0.103179 0.070126 0.126493 0.199620 0.243627 0.290266 0.280350
      187 0.123720 0.088221 0.158307 0.213080 0.293356 0.226270 0.233885
      188 0.190850 0.110302 0.179054 0.203798 0.290506 0.174743 0.187570
      190 0.192371 0.114680 0.184593 0.219252 0.254784 0.137813 0.215376
      191 0.169037 0.090962 0.156644 0.213169 0.328502 0.224808 0.168581
      192 0.161079 0.090311 0.166941 0.228858 0.341067 0.232952 0.144289
      193 0.084756 0.075650 0.151894 0.249389 0.337476 0.268750 0.203599
      194 0.108786 0.073072 0.136013 0.209891 0.310317 0.242093 0.252506
      195 0.086399 0.067699 0.135751 0.229114 0.289042 0.241431 0.280768
      196 0.063235 0.040045 0.072165 0.146986 0.189993 0.234748 0.481501
      197 0.056072 0.020192 0.030628 0.028709 0.055987 0.064127 0.812273
      198 0.035885 0.005528 0.010121 0.013231 0.016030 0.020177 0.921261
      199 0.037490 0.016769 0.031221 0.037429 0.053859 0.044803 0.842016
      200 0.051775 0.007035 0.009571 0.010947 0.011062 0.035689 0.898533
      201 0.054031 0.017782 0.024872 0.038782 0.049319 0.096595 0.793297
      202 0.061496 0.022559 0.020572 0.038683 0.035794 0.225991 0.700065
      203 0.075074 0.024194 0.025926 0.039686 0.046159 0.174128 0.712502
      204 0.063122 0.014043 0.018445 0.026004 0.025224 0.016943 0.871674
      205 0.050752 0.019131 0.024314 0.038335 0.040518 0.205163 0.723466
      206 0.061314 0.021975 0.026787 0.038465 0.037475 0.111862 0.779491
      207 0.087613 0.019998 0.029592 0.050799 0.061472 0.129264 0.716964
      209 0.058675 0.015490 0.024959 0.023191 0.097626 0.151065 0.730549
      210 0.054206 0.015324 0.015665 0.024254 0.018217 0.103768 0.824187
      211 0.069551 0.013136 0.014158 0.021373 0.029048 0.117489 0.796368
      212 0.050614 0.018404 0.018055 0.017798 0.036166 0.078334 0.835772
      213 0.039955 0.008457 0.010565 0.015753 0.023353 0.037359 0.896568
      214 0.041702 0.010843 0.011552 0.025188 0.019016 0.170979 0.792480
      215 0.036660 0.008998 0.011593 0.022107 0.035195 0.143489 0.810137
      216 0.043861 0.016124 0.025321 0.025364 0.043086 0.048349 0.852242
      217 0.043862 0.009877 0.011672 0.031543 0.022054 0.122534 0.820446
      218 0.054734 0.016360 0.020674 0.049537 0.064987 0.164663 0.729897
      219 0.044385 0.015416 0.023640 0.050071 0.047402 0.223856 0.707244
      220 0.041241 0.016347 0.016839 0.040779 0.028075 0.253380 0.710178
      221 0.049401 0.012237 0.020288 0.032019 0.065830 0.187506 0.733120
      222 0.054054 0.015224 0.033796 0.027241 0.086594 0.026203 0.825357
      223 0.048102 0.010115 0.029052 0.018906 0.084940 0.042154 0.831634
      224 0.056837 0.005642 0.016456 0.012255 0.064806 0.036973 0.854287
      225 0.045908 0.009740 0.017504 0.012485 0.073809 0.035512 0.857474
      226 0.047328 0.007678 0.013225 0.016809 0.060166 0.017919 0.878375
      227 0.047288 0.006567 0.018510 0.015378 0.057210 0.024657 0.873508
      228 0.038398 0.008345 0.024817 0.026187 0.052419 0.066824 0.842723
      229 0.041818 0.007291 0.014245 0.014884 0.042328 0.010364 0.901225
      230 0.043722 0.006521 0.012912 0.013834 0.018212 0.002282 0.922135
      231 0.035607 0.006042 0.012811 0.014474 0.016621 0.014753 0.922328
      232 0.031021 0.006234 0.014939 0.019330 0.025341 0.035408 0.902022
      233 0.036749 0.004905 0.009869 0.009118 0.014787 0.001697 0.937987
      234 0.037805 0.006924 0.010832 0.009438 0.012974 0.006128 0.932447
      235 0.028725 0.004947 0.009236 0.009679 0.014464 0.002413 0.945380
      237 0.037142 0.010598 0.015912 0.019447 0.026388 0.078145 0.860672
      238 0.037231 0.011150 0.019147 0.019055 0.033137 0.036936 0.884334
      239 0.047088 0.011461 0.018567 0.022993 0.037994 0.027882 0.875571
      240 0.037887 0.014073 0.015002 0.044473 0.102797 0.115456 0.767309
      241 0.035736 0.018546 0.017673 0.054724 0.054256 0.470385 0.527967
      242 0.040900 0.025689 0.031820 0.082873 0.103156 0.592922 0.370948
      243 0.047239 0.020367 0.036362 0.064134 0.155688 0.244632 0.600415
      244 0.048019 0.031191 0.051010 0.091505 0.156585 0.307236 0.519745
      246 0.183901 0.142316 0.220428 0.239933 0.283825 0.132511 0.158625
      247 0.258693 0.163376 0.238784 0.264210 0.267937 0.138064 0.047518
      248 0.250901 0.176708 0.258346 0.268065 0.269702 0.095138 0.062926
      249 0.260356 0.178311 0.256813 0.274171 0.245605 0.120450 0.047055
      251 0.237308 0.142803 0.218501 0.246522 0.270687 0.089814 0.139189
      252 0.124748 0.091831 0.172388 0.219306 0.268152 0.153780 0.287222
      253 0.090376 0.047796 0.085813 0.167694 0.118615 0.123678 0.553695
      254 0.047849 0.018703 0.035595 0.056607 0.104882 0.118881 0.729485
      255 0.043139 0.015023 0.025935 0.024228 0.075143 0.019955 0.854407
      256 0.050563 0.012419 0.023748 0.017863 0.051537 0.015787 0.871751
      257 0.049941 0.012332 0.022225 0.018245 0.059856 0.017302 0.866872
      258 0.035966 0.008451 0.019652 0.012344 0.047664 0.024365 0.891159
      259 0.036882 0.015231 0.025518 0.016781 0.033723 0.007899 0.900091
      260 0.043013 0.012314 0.018089 0.014734 0.023406 0.020477 0.899189
      261 0.040507 0.009600 0.017259 0.011868 0.029332 0.021793 0.900808
      262 0.040695 0.011058 0.016811 0.012875 0.023955 0.018869 0.905117
      263 0.038152 0.013344 0.019063 0.013223 0.023930 0.017699 0.905367
      264 0.048792 0.012787 0.020543 0.015412 0.024225 0.010350 0.897901
      265 0.040666 0.008638 0.014567 0.014452 0.018138 0.034186 0.899495
      266 0.051164 0.007924 0.013725 0.011477 0.021759 0.023766 0.897034
      267 0.051838 0.016295 0.022004 0.016668 0.021823 0.020868 0.884965
      268 0.048868 0.014054 0.023506 0.026187 0.047044 0.046615 0.847774
      269 0.050441 0.012538 0.019329 0.015308 0.035020 0.024212 0.880455
      270 0.050478 0.011264 0.017472 0.012927 0.028107 0.004781 0.902599
      271 0.051051 0.007575 0.014586 0.016586 0.033797 0.023645 0.886258
      272 0.045339 0.007224 0.016150 0.015382 0.037563 0.028193 0.886361
      273 0.045343 0.010338 0.016690 0.012731 0.027214 0.004578 0.909931
      274 0.056290 0.013509 0.019503 0.014928 0.030884 0.008205 0.888311
      275 0.054071 0.010238 0.016204 0.014554 0.028073 0.003895 0.900449
      276 0.041843 0.006392 0.013192 0.016473 0.034351 0.024801 0.895895
      277 0.047718 0.012316 0.018568 0.015896 0.034512 0.026116 0.882377
      278 0.050218 0.004910 0.010857 0.008534 0.024704 0.008690 0.912709
      279 0.036935 0.004218 0.010630 0.013811 0.024628 0.003344 0.927553
      280 0.040862 0.006682 0.010513 0.014456 0.022399 0.046830 0.891232
      281 0.042478 0.005686 0.010860 0.008008 0.015847 0.004528 0.928849
      283 0.032926 0.004822 0.009844 0.011848 0.016002 0.001184 0.939584
      284 0.038802 0.005279 0.009352 0.006938 0.014529 0.005249 0.934745
      285 0.040075 0.005620 0.011297 0.008012 0.022391 0.005884 0.926253
      286 0.036315 0.004359 0.007533 0.010323 0.019212 0.002447 0.936295
      287 0.040961 0.006176 0.013094 0.011422 0.019055 0.004836 0.924120
      288 0.049469 0.010369 0.015427 0.012505 0.022757 0.016848 0.899863
      289 0.050986 0.007813 0.020420 0.030450 0.052217 0.017364 0.866502
      290 0.049586 0.015158 0.021171 0.037524 0.039963 0.080578 0.820272
      291 0.076665 0.028164 0.042621 0.047586 0.066175 0.021904 0.791142
      292 0.107472 0.027865 0.049236 0.067477 0.091843 0.083550 0.682491
      294 0.105190 0.082721 0.160382 0.289489 0.242499 0.169623 0.279637
      295 0.094324 0.050785 0.096877 0.149070 0.174191 0.098918 0.535551
      296 0.103933 0.035614 0.071748 0.090054 0.139564 0.127957 0.589722
      297 0.060514 0.019716 0.063258 0.107837 0.174648 0.064751 0.661159
      298 0.058555 0.010274 0.021596 0.031727 0.053703 0.006058 0.863106
      299 0.049674 0.014369 0.027550 0.037105 0.050978 0.012495 0.859183
      300 0.042744 0.018499 0.036923 0.019039 0.019963 0.001198 0.897089
      301 0.034018 0.004608 0.011645 0.012373 0.031237 0.013072 0.918874
      302 0.029520 0.005029 0.009756 0.010301 0.017465 0.002060 0.942576
      303 0.038446 0.014279 0.024610 0.023322 0.027161 0.010820 0.897288
      304 0.038215 0.004340 0.008576 0.006441 0.012867 0.002167 0.940391
      305 0.030998 0.004248 0.008646 0.012714 0.037495 0.009252 0.923250
      306 0.039071 0.004420 0.008413 0.005185 0.003864 0.000043 0.947195
      307 0.043314 0.014180 0.015739 0.005812 0.004694 0.000036 0.931350
      308 0.043519 0.005433 0.014563 0.012780 0.013434 0.000771 0.927496
      309 0.036766 0.002593 0.006538 0.004156 0.005050 0.000490 0.951802
      310 0.043451 0.010656 0.012448 0.003699 0.001139 0.000001 0.939117
      311 0.039877 0.004060 0.006687 0.005452 0.010633 0.001558 0.942433
      312 0.039411 0.003050 0.007595 0.003540 0.003707 0.000364 0.949437
      313 0.031321 0.003620 0.007072 0.006165 0.010420 0.001290 0.950820
      314 0.036100 0.003570 0.006778 0.004330 0.004178 0.000152 0.952060
      315 0.042105 0.005449 0.012210 0.007164 0.006248 0.000232 0.938401
      316 0.048438 0.003084 0.007409 0.004369 0.005492 0.000572 0.938880
      317 0.052252 0.003269 0.007430 0.006620 0.013379 0.003884 0.925610
      318 0.052119 0.017328 0.025598 0.033489 0.014025 0.207706 0.739746
      319 0.041523 0.013755 0.019583 0.040641 0.026858 0.253787 0.710777
      320 0.059848 0.011455 0.015901 0.034965 0.025682 0.225497 0.721441
      321 0.043992 0.013617 0.020911 0.026823 0.020513 0.181341 0.772386
      322 0.048982 0.013745 0.020459 0.033766 0.030906 0.201931 0.742590
      323 0.035631 0.007816 0.009310 0.025483 0.023947 0.156760 0.809272
      324 0.040291 0.010097 0.013186 0.024991 0.026910 0.197416 0.770139
      325 0.045129 0.018464 0.030082 0.042935 0.039529 0.186214 0.736626
      326 0.054804 0.030852 0.025839 0.034650 0.017770 0.117537 0.791604
      327 0.040428 0.011223 0.011309 0.030143 0.026789 0.120868 0.822612
      328 0.043701 0.019492 0.023663 0.033645 0.018114 0.102373 0.822433
      329 0.042696 0.021023 0.029455 0.033984 0.020184 0.066598 0.843014
      330 0.037230 0.006203 0.009856 0.015243 0.023729 0.029788 0.906722
      331 0.034297 0.010686 0.017222 0.023120 0.024497 0.022780 0.901739
      332 0.051099 0.016346 0.017761 0.013635 0.020123 0.018073 0.893150
      333 0.043632 0.006714 0.010525 0.013023 0.017035 0.030216 0.904952
      334 0.041502 0.010570 0.015288 0.014281 0.015049 0.009756 0.916690
      335 0.047950 0.009844 0.014610 0.012926 0.012276 0.005914 0.916406
      336 0.047950 0.011918 0.020698 0.017322 0.022285 0.011562 0.898192
      337 0.057822 0.019886 0.027780 0.021011 0.019315 0.005169 0.882904
      338 0.106883 0.095537 0.114157 0.061283 0.025086 0.018197 0.692133
