############################################################
--------------------------Figure 7--------------------------
############################################################


DATA SET #1: PCA components 0-9 for apo GHSR
Detector responses
          0        1        2        3        4        5        6        
        0 0.000000 0.000000 0.021588 0.053789 0.188023 0.928791 0.163618
        1 0.005939 0.017337 0.012302 0.044239 0.044275 0.566494 0.507755
        2 0.005461 0.020608 0.015687 0.085584 0.107524 0.747485 0.304862
        3 0.013991 0.044108 0.047765 0.169351 0.547804 0.661367 0.006033
        4 0.022618 0.039137 0.086413 0.077099 0.665645 0.607014 0.000340
        5 0.045491 0.041685 0.128270 0.163818 0.732460 0.371583 0.019728
        6 0.023548 0.069278 0.082911 0.223228 0.545464 0.552350 0.001223
        7 0.034673 0.074083 0.127641 0.228623 0.698587 0.350133 0.000000
        8 0.025075 0.047126 0.123652 0.215553 0.805713 0.311406 0.000000
        9 0.033668 0.079133 0.109465 0.196670 0.525987 0.543460 0.000916

DATA SET #2: PCA components 0-9 for ghrelin-bound GHSR
Detector responses
          0        1        2        3        4        5        6        
        0 0.000000 0.000000 0.000000 0.000000 0.000000 0.423747 0.695186
        1 0.000000 0.000000 0.022261 0.075164 0.319707 0.918068 0.072802
        2 0.005498 0.013057 0.010738 0.030061 0.008926 0.244977 0.780343
        3 0.011538 0.022442 0.049305 0.081094 0.388127 0.845180 0.036504
        4 0.026357 0.063315 0.069586 0.114087 0.509520 0.678160 0.005681
        5 0.040515 0.041254 0.104329 0.114837 0.776602 0.410555 0.013998
        6 0.087489 0.112567 0.200778 0.276890 0.582935 0.225094 0.000000
        7 0.038353 0.041026 0.129842 0.086395 0.700330 0.500878 0.000000
        8 0.053472 0.066580 0.145377 0.215323 0.693052 0.326074 0.000000
        9 0.040053 0.107894 0.093827 0.186838 0.455195 0.582826 0.005409
